RECOUNTY	REFSETTLEMENT	SETTLEMENT_NAME	OSMRELATION
01	001	Budapest I. kerület	221984
01	002	Budapest II. kerület	221980
01	003	Budapest III. kerület	221976
01	004	Budapest IV. kerület	367963
01	005	Budapest V. kerület	1606103
01	006	Budapest VI. kerület	1606101
01	007	Budapest VII. kerület	1606102
01	008	Budapest VIII. kerület	1606100
01	009	Budapest IX. kerület	1552462
01	010	Budapest X. kerület	1552463
01	011	Budapest XI. kerület	221998
01	012	Budapest XII. kerület	221995
01	013	Budapest XIII. kerület	1605916
01	014	Budapest XIV. kerület	1606043
01	015	Budapest XV. kerület	1606009
01	016	Budapest XVI. kerület	1552464
01	017	Budapest XVII. kerület	1550599
01	018	Budapest XVIII. kerület	1550598
01	019	Budapest XIX. kerület	1551290
01	020	Budapest XX. kerület	1551291
01	021	Budapest XXI. kerület	215618
01	022	Budapest XXII. kerület	215621
01	023	Budapest XXIII. kerület	1550597
02	001	Abaliget	1606342
02	002	Adorjás	575113
02	003	Almamellék	575120
02	004	Almáskeresztúr	575252
02	005	Alsómocsolád	575341
02	006	Alsószentmárton	575196
02	007	Apátvarasd	575179
02	008	Aranyosgadány	575216
02	009	Ág	575221
02	010	Áta	575122
02	011	Babarc	575136
02	012	Babarcszőlős	575365
02	013	Bakonya	575171
02	014	Bakóca	575194
02	015	Baksa	575354
02	016	Baranyahídvég	575360
02	017	Baranyajenő	575222
02	018	Baranyaszentgyörgy	575363
02	019	Basal	575118
02	020	Bánfa	575114
02	021	Bár	575119
02	022	Belvárdgyula	575286
02	023	Beremend	575282
02	024	Berkesd	575227
02	025	Besence	575126
02	026	Bezedek	575353
02	027	Bicsérd	575284
02	028	Bikal	575389
02	029	Birján	575391
02	030	Bisse	575248
02	031	Boda	575158
02	032	Bodolyabér	575185
02	033	Bogád	575182
02	034	Bogádmindszent	575281
02	035	Bogdása	575305
02	036	Boldogasszonyfa	575322
02	037	Borjád	575311
02	038	Bosta	575203
02	039	Botykapeterd	575112
02	040	Bóly	575176
02	041	Bükkösd	575124
02	042	Bürüs	575335
02	043	Csarnóta	575348
02	044	Csányoszró	575159
02	045	Csebény	575199
02	046	Cserdi	575174
02	047	Cserkút	575249
02	048	Csertő	575235
02	049	Csonkamindszent	575146
02	050	Cún	575332
02	051	Dencsháza	575361
02	052	Dinnyeberki	575217
02	053	Diósviszló	575376
02	054	Drávacsehi	575105
02	055	Drávacsepely	575220
02	056	Drávafok	575269
02	057	Drávaiványi	575362
02	058	Drávakeresztúr	575330
02	059	Drávapalkonya	575110
02	060	Drávapiski	575347
02	061	Drávaszabolcs	575188
02	062	Drávaszerdahely	575134
02	063	Drávasztára	575231
02	064	Dunaszekcső	575368
02	065	Egerág	575256
02	066	Egyházasharaszti	575169
02	067	Egyházaskozár	575260
02	068	Ellend	575338
02	069	Endrőc	575211
02	070	Erdősmárok	575201
02	071	Erdősmecske	575349
02	072	Erzsébet	575359
02	073	Fazekasboda	575267
02	074	Feked	575163
02	075	Felsőegerszeg	575144
02	076	Felsőszentmárton	575309
02	077	Garé	575178
02	078	Gerde	575117
02	079	Geresdlak	575290
02	080	Gerényes	575103
02	081	Gilvánfa	575228
02	082	Gordisa	575245
02	083	Gödre	575106
02	084	Görcsöny	575392
02	085	Görcsönydoboka	575198
02	086	Gyód	575280
02	087	Gyöngyfa	575273
02	088	Gyöngyösmellék	575385
02	089	Harkány	575224
02	090	Hásságy	575296
02	091	Hegyhátmaróc	575350
02	092	Hegyszentmárton	575357
02	093	Helesfa	575098
02	094	Hetvehely	575294
02	095	Hidas	575283
02	096	Himesháza	575148
02	097	Hirics	575379
02	098	Hobol	575382
02	099	Homorúd	575135
02	100	Horváthertelend	575369
02	101	Hosszúhetény	575244
02	102	Husztót	575127
02	103	Ibafa	575331
02	104	Illocska	575225
02	105	Ipacsfa	575257
02	106	Ivánbattyán	575393
02	107	Ivándárda	575345
02	108	Kacsóta	575320
02	109	Katádfa	575279
02	110	Kákics	575183
02	111	Kárász	575388
02	112	Kásád	575263
02	113	Kátoly	575218
02	114	Kemse	575210
02	115	Keszü	575184
02	116	Kékesd	575140
02	117	Kémes	575175
02	118	Kétújfalu	575187
02	119	Királyegyháza	575107
02	120	Kisasszonyfa	575394
02	121	Kisbeszterce	575172
02	122	Kisbudmér	575265
02	123	Kisdér	575321
02	124	Kisdobsza	575300
02	125	Kishajmás	575157
02	126	Kisharsány	575186
02	127	Kisherend	575291
02	128	Kisjakabfalva	575173
02	129	Kiskassa	575315
02	130	Kislippó	575374
02	131	Kisnyárád	575191
02	132	Kisszentmárton	575266
02	133	Kistamási	575121
02	134	Kistapolca	575334
02	135	Kistótfalu	575139
02	136	Kisvaszar	1606347
02	137	Komló	575200
02	138	Kovácshida	575237
02	139	Kovácsszénája	575297
02	140	Kozármisleny	575212
02	141	Kórós	575141
02	142	Köblény	575303
02	143	Kökény	575373
02	144	Kölked	575251
02	145	Kővágószőlős	575329
02	146	Kővágótöttös	575208
02	147	Lapáncsa	575155
02	148	Lánycsók	575299
02	149	Liget	575292
02	150	Lippó	575271
02	151	Liptód	575340
02	152	Lothárd	575215
02	153	Lovászhetény	575131
02	154	Lúzsok	575285
02	155	Magyarbóly	575243
02	156	Magyaregregy	575214
02	157	Magyarhertelend	575333
02	158	Magyarlukafa	575367
02	159	Magyarmecske	575370
02	160	Magyarsarlós	575170
02	161	Magyarszék	575355
02	162	Magyartelek	575152
02	163	Majs	575253
02	164	Maráza	575344
02	165	Markóc	575164
02	166	Marócsa	575352
02	167	Martonfa	575151
02	168	Matty	575293
02	169	Mágocs	575258
02	170	Mánfa	575166
02	171	Márfa	575156
02	172	Máriakéménd	575278
02	173	Márok	575213
02	174	Máza	575162
02	175	Mecseknádasd	575123
02	176	Mecsekpölöske	575375
02	177	Mekényes	575298
02	178	Merenye	575153
02	179	Meződ	575272
02	180	Mindszentgodisa	575326
02	181	Mohács	575366
02	182	Molvány	575289
02	183	Monyoród	575314
02	184	Mozsgó	575238
02	185	Nagybudmér	575102
02	186	Nagycsány	575328
02	187	Nagydobsza	575241
02	188	Nagyhajmás	575342
02	189	Nagyharsány	575371
02	190	Nagykozár	575304
02	191	Nagynyárád	575232
02	192	Nagypall	575301
02	193	Nagypeterd	575165
02	194	Nagytótfalu	575308
02	195	Nagyváty	575209
02	196	Nemeske	575167
02	197	Nyugotszenterzsébet	575288
02	198	Okorág	575111
02	199	Okorvölgy	1607219
02	200	Olasz	575160
02	201	Old	575302
02	202	Orfű	575261
02	203	Oroszló	575378
02	204	Óbánya	575205
02	205	Ócsárd	575230
02	206	Ófalu	575246
02	207	Ózdfalu	575262
02	208	Palé	575145
02	209	Palkonya	575250
02	210	Palotabozsok	575143
02	211	Patapoklosi	575372
02	212	Páprád	575207
02	213	Pellérd	575137
02	214	Pereked	575190
02	215	Peterd	575125
02	216	Pettend	575138
02	217	Pécs	575380
02	218	Pécsbagota	575327
02	219	Pécsdevecser	575128
02	220	Pécsudvard	575132
02	221	Pécsvárad	575323
02	222	Piskó	575384
02	223	Pogány	575168
02	224	Pócsa	575100
02	225	Rádfalva	575204
02	226	Regenye	575154
02	227	Romonya	575259
02	228	Rózsafa	575276
02	229	Sámod	575277
02	230	Sárok	575193
02	231	Sásd	575116
02	232	Sátorhely	575104
02	233	Sellye	551715
02	234	Siklós	575149
02	235	Siklósbodony	575147
02	236	Siklósnagyfalu	575356
02	237	Somberek	575390
02	238	Somogyapáti	575358
02	239	Somogyhatvan	575274
02	240	Somogyhárságy	575150
02	241	Somogyviszló	575226
02	242	Sósvertike	575317
02	243	Sumony	575234
02	244	Szabadszentkirály	575195
02	245	Szajk	575240
02	246	Szalatnak	575337
02	247	Szalánta	575242
02	248	Szaporca	575383
02	249	Szava	575099
02	250	Szágy	575233
02	251	Szárász	575339
02	252	Szászvár	575133
02	253	Szebény	575189
02	254	Szederkény	575142
02	255	Szellő	575101
02	256	Szemely	575386
02	257	Szentdénes	575130
02	258	Szentegát	575229
02	259	Szentkatalin	575247
02	260	Szentlászló	575287
02	261	Szentlőrinc	575346
02	262	Székelyszabar	575129
02	263	Szigetvár	575202
02	264	Szilágy	575313
02	265	Szilvás	575325
02	266	Szörény	575264
02	267	Szőke	575115
02	268	Szőkéd	575336
02	269	Szulimán	575161
02	270	Szűr	575108
02	271	Tarrós	575316
02	272	Teklafalu	575310
02	273	Tengeri	575307
02	274	Tékes	575181
02	275	Tésenfa	575239
02	276	Téseny	575223
02	277	Tormás	575319
02	278	Tófű	575219
02	279	Tótszentgyörgy	575324
02	280	Töttös	575318
02	281	Túrony	575312
02	282	Udvar	575270
02	283	Újpetre	575295
02	284	Vajszló	575180
02	285	Varga	575268
02	286	Várad	575255
02	287	Vásárosbéc	575197
02	288	Vásárosdombó	575351
02	289	Vázsnok	575192
02	290	Vejti	575177
02	291	Velény	575364
02	292	Versend	575306
02	293	Vékény	575236
02	294	Véménd	575381
02	295	Villány	575387
02	296	Villánykövesd	575343
02	297	Vokány	575275
02	298	Zaláta	575254
02	299	Zádor	575109
02	300	Zengővárkony	575377
02	301	Zók	575206
03	001	Akasztó	1130332
03	002	Apostag	1130412
03	003	Ágasegyháza	1130325
03	004	Baja	1130381
03	005	Ballószög	1130396
03	006	Balotaszállás	1130348
03	007	Bácsalmás	1130314
03	008	Bácsbokod	1130400
03	009	Bácsborsód	1130427
03	010	Bácsszentgyörgy	1130410
03	011	Bácsszőlős	1130321
03	012	Bátmonostor	1130322
03	013	Bátya	1130422
03	014	Borota	1130349
03	015	Bócsa	1130375
03	016	Bugac	1130399
03	017	Bugacpusztaháza	1130417
03	018	Császártöltés	1130420
03	019	Csátalja	1130413
03	020	Csávoly	1130334
03	021	Csengőd	1130362
03	022	Csikéria	1130331
03	023	Csólyospálos	1130380
03	024	Dávod	1130423
03	025	Drágszél	1130351
03	026	Dunaegyháza	1130369
03	027	Dunafalva	1130368
03	028	Dunapataj	1130421
03	029	Dunaszentbenedek	1130339
03	030	Dunatetétlen	1130426
03	031	Dunavecse	1130430
03	032	Dusnok	1130401
03	033	Érsekcsanád	1130367
03	034	Érsekhalma	1130350
03	035	Fajsz	1130435
03	036	Felsőlajos	1130425
03	037	Felsőszentiván	1130327
03	038	Foktő	1130414
03	039	Fülöpháza	1130395
03	040	Fülöpjakab	1130374
03	041	Fülöpszállás	1130418
03	042	Gara	1130385
03	043	Gátér	1130415
03	044	Géderlak	1130343
03	045	Hajós	1130311
03	046	Harkakötöny	1130340
03	047	Harta	1130342
03	048	Helvécia	1130312
03	049	Hercegszántó	1130310
03	050	Homokmégy	1130345
03	051	Imrehegy	1130347
03	052	Izsák	1130360
03	053	Jakabszállás	1130346
03	054	Jánoshalma	1130366
03	055	Jászszentlászló	1130323
03	056	Kalocsa	1130407
03	057	Kaskantyú	1130333
03	058	Katymár	1130405
03	059	Kecel	1130372
03	060	Kecskemét	1130433
03	061	Kelebia	1130316
03	062	Kerekegyháza	1130431
03	063	Kéleshalom	1130397
03	064	Kiskőrös	1130355
03	065	Kiskunfélegyháza	1130390
03	066	Kiskunhalas	1130419
03	067	Kiskunmajsa	1130387
03	068	Kisszállás	1130416
03	069	Kömpöc	1130353
03	070	Kunadacs	1130363
03	071	Kunbaja	1130383
03	072	Kunbaracs	1130406
03	073	Kunfehértó	1130377
03	074	Kunpeszér	1130317
03	075	Kunszállás	1130315
03	076	Kunszentmiklós	1130326
03	077	Ladánybene	1130338
03	078	Lajosmizse	1130398
03	079	Lakitelek	1130336
03	080	Madaras	1130356
03	081	Mátételke	1130329
03	082	Mélykút	1130382
03	083	Miske	1130354
03	084	Móricgát	1130432
03	085	Nagybaracska	1130335
03	086	Nemesnádudvar	1130434
03	087	Nyárlőrinc	1130373
03	088	Ordas	1130378
03	089	Orgovány	1130371
03	090	Öregcsertő	1130436
03	091	Páhi	1130352
03	092	Pálmonostora	1130408
03	093	Petőfiszállás	1130359
03	094	Pirtó	1130391
03	095	Rém	1130357
03	096	Solt	1130376
03	097	Soltszentimre	1130386
03	098	Soltvadkert	1130438
03	099	Sükösd	1130330
03	100	Szabadszállás	1130361
03	101	Szakmár	1130319
03	102	Szalkszentmárton	1130324
03	103	Szank	1130428
03	104	Szentkirály	1130313
03	105	Szeremle	1130429
03	106	Tabdi	1130364
03	107	Tass	1130388
03	108	Tataháza	1130328
03	109	Tázlár	1130384
03	110	Tiszaalpár	1130379
03	111	Tiszakécske	1130370
03	112	Tiszaug	1130424
03	113	Tompa	1130404
03	114	Uszód	1130393
03	115	Újsolt	1130337
03	116	Újtelek	1130344
03	117	Vaskút	1130320
03	118	Városföld	1130358
03	119	Zsana	1130411
04	001	Almáskamarás	1026175
04	002	Battonya	1026174
04	003	Békés	1026148
04	004	Békéscsaba	1026172
04	005	Békéssámson	1026186
04	006	Békésszentandrás	1026164
04	007	Bélmegyer	1026200
04	008	Biharugra	1026153
04	009	Bucsa	1026191
04	010	Csabacsűd	1026146
04	011	Csabaszabadi	1026170
04	012	Csanádapáca	1026171
04	013	Csárdaszállás	1026157
04	014	Csorvás	1026137
04	015	Dévaványa	1026138
04	016	Doboz	1026216
04	017	Dombegyház	1026135
04	018	Dombiratos	1026189
04	019	Ecsegfalva	1026215
04	020	Elek	1026177
04	021	Füzesgyarmat	1026150
04	022	Gádoros	1026156
04	023	Gerendás	1026211
04	024	Geszt	1026199
04	025	Gyomaendrőd	1026166
04	026	Gyula	1026161
04	027	Hunya	1026213
04	028	Kamut	1026195
04	029	Kardos	1026190
04	030	Kardoskút	1026187
04	031	Kaszaper	1026197
04	032	Kertészsziget	1026206
04	033	Kevermes	1026162
04	034	Kétegyháza	1026155
04	035	Kétsoprony	1026181
04	036	Kisdombegyház	1026192
04	037	Kondoros	1026173
04	038	Körösladány	1026167
04	039	Körösnagyharsány	1026196
04	040	Köröstarcsa	1026152
04	041	Körösújfalu	1026182
04	042	Kötegyán	1026139
04	043	Kunágota	1026203
04	044	Lőkösháza	1026178
04	045	Magyarbánhegyes	1026185
04	046	Magyardombegyház	1026165
04	047	Medgyesbodzás	1026193
04	048	Medgyesegyháza	1026204
04	049	Mezőberény	1026145
04	050	Mezőgyán	1026202
04	051	Mezőhegyes	1026169
04	052	Mezőkovácsháza	1026214
04	053	Méhkerék	1026168
04	054	Murony	1026205
04	055	Nagybánhegyes	1026176
04	056	Nagykamarás	1026147
04	057	Nagyszénás	1026180
04	058	Okány	1026201
04	059	Orosháza	1026144
04	060	Örménykút	1026217
04	061	Pusztaföldvár	1026194
04	062	Pusztaottlaka	1026140
04	063	Sarkad	1026159
04	064	Sarkadkeresztúr	1026136
04	065	Szabadkígyós	1026149
04	066	Szarvas	1026183
04	067	Szeghalom	1026158
04	068	Tarhos	1026212
04	069	Telekgerendás	1026141
04	070	Tótkomlós	1026188
04	071	Újkígyós	1026210
04	072	Újszalonta	1026160
04	073	Végegyháza	1026142
04	074	Vésztő	1026184
04	075	Zsadány	1026207
05	001	Abaújalpár	1317821
05	002	Abaújkér	1317762
05	003	Abaújlak	1391023
05	004	Abaújszántó	1280990
05	005	Abaújszolnok	1391024
05	006	Abaújvár	1280983
05	007	Abod	1317773
05	008	Aggtelek	1317826
05	009	Alacska	1428656
05	010	Alsóberecki	1317353
05	011	Alsódobsza	1439559
05	012	Alsógagy	1317829
05	013	Alsóregmec	1432030
05	014	Alsószuha	1418035
05	015	Alsótelekes	1607539
05	016	Alsóvadász	1391174
05	017	Alsózsolca	1440883
05	018	Arka	1280976
05	019	Arló	1426685
05	020	Arnót	1440898
05	021	Aszaló	1440930
05	022	Ároktő	1418303
05	023	Baktakék	1317761
05	024	Balajt	1317784
05	025	Baskó	1280978
05	026	Bánhorváti	1428678
05	027	Bánréve	1428540
05	028	Becskeháza	1317818
05	029	Bekecs	1439561
05	030	Berente	1428421
05	031	Beret	1317780
05	032	Berzék	1440885
05	033	Bodroghalom	1317363
05	034	Bodrogkeresztúr	1433788
05	035	Bodrogkisfalud	1433786
05	036	Bodrogolaszi	1432107
05	037	Bogács	1418454
05	038	Boldogkőújfalu	1280999
05	039	Boldogkőváralja	1280991
05	040	Boldva	1317793
05	041	Borsodbóta	1428546
05	042	Borsodgeszt	1418452
05	043	Borsodivánka	1418112
05	044	Borsodnádasd	1415540
05	045	Borsodszentgyörgy	1426684
05	046	Borsodszirák	1317834
05	047	Bódvalenke	1317815
05	048	Bódvarákó	1317801
05	049	Bódvaszilas	1317767
05	050	Bózsva	1431967
05	051	Bőcs	1440882
05	052	Bükkaranyos	1440881
05	053	Bükkábrány	1418304
05	054	Bükkmogyorósd	1415533
05	055	Bükkszentkereszt	1418455
05	056	Bükkzsérc	1418449
05	057	Büttös	1317805
05	058	Cigánd	1317360
05	059	Csenyéte	1317770
05	060	Cserépfalu	1418450
05	061	Cserépváralja	1418316
05	062	Csernely	1418230
05	063	Csincse	1418305
05	064	Csobaj	1439558
05	065	Csobád	1317760
05	066	Csokvaomány	1607540
05	067	Damak	1317790
05	068	Dámóc	1317361
05	069	Debréte	1317787
05	070	Detek	1317794
05	071	Dédestapolcsány	1428680
05	072	Domaháza	1428607
05	073	Dövény	1418040
05	074	Dubicsány	1428436
05	075	Edelény	1317800
05	076	Egerlövő	1418115
05	077	Emőd	1418312
05	078	Encs	1317840
05	079	Erdőbénye	1432109
05	080	Erdőhorváti	1432102
05	081	Égerszög	1317768
05	082	Fancsal	1317759
05	083	Farkaslyuk	1428606
05	084	Fáj	1317819
05	085	Felsőberecki	1317269
05	086	Felsődobsza	1440933
05	087	Felsőgagy	1317804
05	088	Felsőkelecsény	1418039
05	089	Felsőnyárád	1428425
05	090	Felsőregmec	1432028
05	091	Felsőtelekes	1418041
05	092	Felsővadász	1391022
05	093	Felsőzsolca	1440897
05	094	Filkeháza	1431960
05	095	Fony	1280997
05	096	Forró	1317842
05	097	Fulókércs	1317812
05	098	Füzér	1431968
05	099	Füzérkajata	1431965
05	100	Füzérkomlós	1431964
05	101	Füzérradvány	1432029
05	102	Gadna	1391028
05	103	Gagyapáti	1317810
05	104	Gagybátor	1391025
05	105	Gagyvendégi	1391030
05	106	Galvács	1317766
05	107	Garadna	1317775
05	108	Gelej	1418298
05	109	Gesztely	1439554
05	110	Girincs	1440865
05	111	Golop	1440936
05	112	Gömörszőlős	1418045
05	113	Gönc	1280989
05	114	Göncruszka	1280985
05	115	Györgytarló	1453497
05	116	Halmaj	1440929
05	117	Hangács	1317785
05	118	Hangony	1428608
05	119	Harsány	1440884
05	120	Háromhuta	1431962
05	121	Hegymeg	1317792
05	122	Hejce	1280980
05	123	Hejőbába	1418300
05	124	Hejőkeresztúr	1440866
05	125	Hejőkürt	1418301
05	126	Hejőpapi	1418296
05	127	Hejőszalonta	1418315
05	128	Hercegkút	1432105
05	129	Hernádbűd	1317835
05	130	Hernádcéce	1280986
05	131	Hernádkak	1607473
05	132	Hernádkércs	1440931
05	133	Hernádnémeti	1607472
05	134	Hernádpetri	1317791
05	135	Hernádszentandrás	1317769
05	136	Hernádszurdok	1280982
05	137	Hernádvécse	1317838
05	138	Hét	1428442
05	139	Hidasnémeti	1280975
05	140	Hidvégardó	1317765
05	141	Hollóháza	1431961
05	142	Homrogd	1391177
05	143	Igrici	1418302
05	144	Imola	1418032
05	145	Ináncs	1317806
05	146	Irota	1317836
05	147	Izsófalva	1428424
05	148	Jákfalva	1418044
05	149	Járdánháza	1415525
05	150	Jósvafő	1317788
05	151	Karcsa	1317359
05	152	Karos	1317351
05	153	Kazincbarcika	1428651
05	154	Kács	1418451
05	155	Kánó	1418034
05	156	Kány	1317764
05	157	Kázsmárk	1440925
05	158	Kelemér	1428440
05	159	Kenézlő	1453507
05	160	Keresztéte	1317758
05	161	Kesznyéten	1440872
05	162	Kéked	1280996
05	163	Királd	1428544
05	164	Kiscsécs	1440869
05	165	Kisgyőr	1418453
05	166	Kishuta	1431963
05	167	Kiskinizs	1440926
05	168	Kisrozvágy	1317358
05	169	Kissikátor	1426683
05	170	Kistokaj	1440878
05	171	Komjáti	1317814
05	172	Komlóska	1432110
05	173	Kondó	1428648
05	174	Korlát	1280992
05	175	Kovácsvágás	1432022
05	176	Köröm	1440875
05	177	Krasznokvajda	1317778
05	178	Kupa	1391027
05	179	Kurityán	1428426
05	180	Lak	1317820
05	181	Lácacséke	1317352
05	182	Ládbesenyő	1317774
05	183	Legyesbénye	1439560
05	184	Léh	1391175
05	185	Lénárddaróc	1418233
05	186	Litka	1317825
05	187	Makkoshotyka	1432023
05	188	Martonyi	1317823
05	189	Mád	1433792
05	190	Mályi	1440874
05	191	Mályinka	1428681
05	192	Megyaszó	1439552
05	193	Meszes	1317831
05	194	Mezőcsát	1418299
05	195	Mezőkeresztes	1418313
05	196	Mezőkövesd	1418119
05	197	Mezőnagymihály	1418293
05	198	Mezőnyárád	1418319
05	199	Mezőzombor	1433783
05	200	Méra	1317777
05	201	Mikóháza	1432027
05	202	Miskolc	1440895
05	203	Mogyoróska	1280987
05	204	Monaj	1391176
05	205	Monok	1433791
05	206	Muhi	1440870
05	207	Múcsony	1428420
05	208	Nagybarca	1428650
05	209	Nagycsécs	1440873
05	210	Nagyhuta	1432024
05	211	Nagykinizs	1440932
05	212	Nagyrozvágy	1317357
05	213	Nekézseny	1428545
05	214	Nemesbikk	1418291
05	215	Négyes	1335903
05	216	Novajidrány	1317827
05	217	Nyékládháza	1440868
05	218	Nyésta	1391029
05	219	Nyíri	1431966
05	220	Nyomár	1317797
05	221	Olaszliszka	1453511
05	222	Onga	1440896
05	223	Ormosbánya	1418042
05	224	Oszlár	1418292
05	225	Ónod	1440862
05	226	Ózd	1428610
05	227	Pamlény	1317807
05	228	Parasznya	1428649
05	229	Pácin	1317349
05	230	Pálháza	1432025
05	231	Pányok	1280994
05	232	Pere	1317841
05	233	Perecse	1317782
05	234	Perkupa	1317772
05	235	Prügy	1433787
05	236	Pusztafalu	1431959
05	237	Pusztaradvány	1317830
05	238	Putnok	1428435
05	239	Radostyán	1428655
05	240	Ragály	1418033
05	241	Rakaca	1317798
05	242	Rakacaszend	1317802
05	243	Rásonysápberencs	1391178
05	244	Rátka	1432103
05	245	Regéc	1280979
05	246	Répáshuta	1418457
05	247	Révleányvár	1317362
05	248	Ricse	1317364
05	249	Rudabánya	1418036
05	250	Rudolftelep	1428423
05	251	Sajóbábony	1428644
05	252	Sajóecseg	1428647
05	253	Sajógalgóc	1428441
05	254	Sajóhídvég	1440864
05	255	Sajóivánka	1428427
05	256	Sajókaza	1428438
05	257	Sajókápolna	1428654
05	258	Sajókeresztúr	1428653
05	259	Sajólád	1440880
05	260	Sajólászlófalva	1428652
05	261	Sajómercse	1428547
05	262	Sajónémeti	1428543
05	263	Sajóörös	1440863
05	264	Sajópálfala	1440899
05	265	Sajópetri	1440879
05	266	Sajópüspöki	1428541
05	267	Sajósenye	1440928
05	268	Sajószentpéter	1428646
05	269	Sajószöged	1440867
05	270	Sajóvámos	1440924
05	271	Sajóvelezd	1428434
05	272	Sály	1418456
05	273	Sárazsadány	1432106
05	274	Sárospatak	1432114
05	275	Sáta	1428542
05	276	Sátoraljaújhely	1439147
05	277	Selyeb	1391026
05	278	Semjén	1317356
05	279	Serényfalva	1428439
05	280	Sima	1280988
05	281	Sóstófalva	1439556
05	282	Szakácsi	1317833
05	283	Szakáld	1418314
05	284	Szalaszend	1317816
05	285	Szalonna	1317779
05	286	Szászfa	1317789
05	287	Szegi	1433785
05	288	Szegilong	1432104
05	289	Szemere	1317783
05	290	Szendrő	1317824
05	291	Szendrőlád	1317839
05	292	Szentistván	1335907
05	293	Szentistvánbaksa	1439562
05	294	Szerencs	1433784
05	295	Szikszó	1440927
05	296	Szin	1317795
05	297	Szinpetri	1317776
05	298	Szirmabesenyő	1440900
05	299	Szomolya	1418153
05	300	Szögliget	1317813
05	301	Szőlősardó	1317817
05	302	Szuhafő	1418037
05	303	Szuhakálló	1428422
05	304	Szuhogy	1317837
05	305	Taktabáj	1439553
05	306	Taktaharkány	1439555
05	307	Taktakenéz	1431906
05	308	Taktaszada	1439563
05	309	Tarcal	1433790
05	310	Tard	1418320
05	311	Tardona	1428645
05	312	Tállya	1432111
05	313	Telkibánya	1280993
05	314	Teresztenye	1317786
05	315	Tibolddaróc	1418318
05	316	Tiszabábolna	1335904
05	317	Tiszacsermely	1317828
05	318	Tiszadorogma	1335905
05	319	Tiszakarád	1317354
05	320	Tiszakeszi	1418295
05	321	Tiszaladány	1439565
05	322	Tiszalúc	1439557
05	323	Tiszapalkonya	1418294
05	324	Tiszatardos	1431905
05	325	Tiszatarján	1418297
05	326	Tiszaújváros	1440871
05	327	Tiszavalk	1335906
05	328	Tokaj	1433789
05	329	Tolcsva	1432112
05	330	Tomor	1317809
05	331	Tornabarakony	1317799
05	332	Tornakápolna	1317811
05	333	Tornanádaska	1317803
05	334	Tornaszentandrás	1317781
05	335	Tornaszentjakab	1317832
05	336	Tornyosnémeti	1280995
05	337	Trizs	1418038
05	338	Uppony	1428548
05	339	Újcsanálos	1439564
05	340	Vadna	1428437
05	341	Vajdácska	1607468
05	342	Varbó	1428679
05	343	Varbóc	1317796
05	344	Vatta	1418317
05	345	Vágáshuta	1432026
05	346	Vámosújfalu	1432108
05	347	Vilmány	1280998
05	348	Vilyvitány	1432031
05	349	Viss	1432113
05	350	Viszló	1317763
05	351	Vizsoly	1280984
05	352	Zalkod	1453506
05	353	Zádorfalva	1418043
05	354	Zemplénagárd	1317350
05	355	Ziliz	1317771
05	356	Zsujta	1280977
05	357	Zubogy	1418046
05	358	Gibárt	1317757
06	001	Algyő	1025064
06	002	Ambrózfalva	1025076
06	003	Apátfalva	1025109
06	004	Árpádhalom	1025092
06	005	Ásotthalom	1025048
06	006	Baks	1025078
06	007	Balástya	1025042
06	008	Bordány	1025108
06	009	Csanádalberti	1025050
06	010	Csanádpalota	1025091
06	011	Csanytelek	1025119
06	012	Csengele	1025044
06	013	Csongrád	1025084
06	014	Derekegyház	1025056
06	015	Deszk	1025061
06	016	Domaszék	1025094
06	017	Dóc	1025073
06	018	Eperjes	1025066
06	019	Fábiánsebestyén	1025099
06	020	Felgyő	1025068
06	021	Ferencszállás	1025070
06	022	Forráskút	1025045
06	023	Földeák	1025117
06	024	Hódmezővásárhely	1025072
06	025	Királyhegyes	1025111
06	026	Kistelek	1025060
06	027	Kiszombor	1025098
06	028	Klárafalva	1025058
06	029	Kövegy	1025097
06	030	Kübekháza	1025049
06	031	Magyarcsanád	1025052
06	032	Makó	1025047
06	033	Maroslele	1025075
06	034	Mártély	1025046
06	035	Mindszent	1025101
06	036	Mórahalom	1025067
06	037	Nagyér	1025120
06	038	Nagylak	1025096
06	039	Nagymágocs	1025053
06	040	Nagytőke	1025095
06	041	Óföldeák	1025113
06	042	Ópusztaszer	1025114
06	043	Öttömös	1025081
06	044	Pitvaros	1025040
06	045	Pusztamérges	1025115
06	046	Pusztaszer	1025116
06	047	Röszke	1025069
06	048	Ruzsa	1025118
06	049	Sándorfalva	1025100
06	050	Szatymaz	1025065
06	051	Szeged	1025105
06	052	Szegvár	1025051
06	053	Szentes	1025074
06	054	Székkutas	1025059
06	055	Tiszasziget	1025057
06	056	Tömörkény	1025062
06	057	Újszentiván	1025063
06	058	Üllés	1025041
06	059	Zákányszék	1025043
06	060	Zsombó	1025102
07	001	Aba	1402808
07	002	Adony	1420598
07	003	Alap	1403023
07	004	Alcsútdoboz	1370220
07	005	Alsószentiván	1403110
07	006	Bakonycsernye	1370211
07	007	Bakonykúti	1361437
07	008	Balinka	1370210
07	009	Baracs	1420732
07	010	Baracska	1370245
07	011	Beloiannisz	1418517
07	012	Besnyő	1418514
07	013	Bicske	1380010
07	014	Bodajk	1369091
07	015	Bodmér	1321961
07	016	Cece	1403107
07	017	Csabdi	1374982
07	018	Csákberény	1321966
07	019	Csákvár	1321963
07	020	Csókakő	1369092
07	021	Csór	1361442
07	022	Csősz	1402811
07	023	Dég	1403020
07	024	Dunaújváros	1420733
07	025	Előszállás	1407266
07	026	Enying	1458080
07	027	Ercsi	1418513
07	028	Etyek	1370213
07	029	Fehérvárcsurgó	1361433
07	030	Felcsút	1370214
07	031	Füle	1458114
07	032	Gánt	1321964
07	033	Gárdony	1418516
07	034	Gyúró	1370219
07	035	Hantos	1420597
07	036	Igar	1403027
07	037	Iszkaszentgyörgy	1361447
07	038	Isztimér	1369090
07	039	Iváncsa	1418518
07	040	Jenő	1361444
07	041	Kajászó	1370247
07	042	Káloz	1402814
07	043	Kápolnásnyék	1370243
07	044	Kincsesbánya	1361441
07	045	Kisapostag	1420735
07	046	Kisláng	1402810
07	047	Kőszárhegy	1361445
07	048	Kulcs	1420750
07	049	Lajoskomárom	1458081
07	050	Lepsény	1458083
07	051	Lovasberény	1361440
07	052	Magyaralmás	1361439
07	053	Martonvásár	1370244
07	054	Mány	1380009
07	055	Mátyásdomb	1403019
07	056	Mezőfalva	1420596
07	057	Mezőkomárom	1458085
07	058	Mezőszentgyörgy	1458086
07	059	Mezőszilas	1403106
07	060	Moha	1361449
07	061	Mór	1369089
07	062	Nadap	1361453
07	063	Nagykarácsony	1403017
07	064	Nagylók	1420595
07	065	Nagyveleg	1369087
07	066	Nagyvenyim	1420599
07	067	Nádasdladány	1361438
07	068	Óbarok	1370218
07	069	Pákozd	1361434
07	070	Pátka	1361436
07	071	Pázmánd	1361430
07	072	Perkáta	1420594
07	073	Polgárdi	1458115
07	074	Pusztaszabolcs	1418515
07	075	Pusztavám	1369088
07	076	Rácalmás	1420734
07	077	Ráckeresztúr	1370246
07	078	Sárbogárd	1403022
07	079	Sáregres	1403111
07	080	Sárkeresztes	1361432
07	081	Sárkeresztúr	1402809
07	082	Sárkeszi	1361446
07	083	Sárosd	1420600
07	084	Sárszentágota	1402813
07	085	Sárszentmihály	1607345
07	086	Seregélyes	1361431
07	087	Soponya	1402815
07	088	Söréd	1369093
07	089	Sukoró	1361448
07	090	Szabadbattyán	1361452
07	091	Szabadegyháza	1418519
07	092	Szabadhídvég	1458084
07	093	Szár	1607350
07	094	Székesfehérvár	1361450
07	095	Tabajd	1370215
07	096	Tác	1402812
07	097	Tordas	1370249
07	098	Újbarok	1370216
07	099	Úrhida	1361435
07	100	Vajta	1403105
07	101	Vál	1370248
07	102	Velence	1418512
07	103	Vereb	1361443
07	104	Vértesacsa	1370217
07	105	Vértesboglár	1321965
07	106	Zámoly	1321962
07	107	Zichyújfalu	1361451
07	108	Daruszentmiklós	1407269
08	001	Abda	1440629
08	002	Acsalag	1483311
08	003	Agyagosszergény	1483469
08	004	Ágfalva	1491394
08	005	Árpás	1440730
08	006	Ásványráró	1492796
08	007	Babót	1483468
08	008	Bakonygyirót	1440714
08	009	Bakonypéterd	1440711
08	010	Bakonyszentlászló	1440717
08	011	Barbacs	1483315
08	012	Bágyogszovát	1480088
08	013	Beled	1483467
08	014	Bezenye	1492743
08	015	Bezi	1483308
08	016	Bodonhely	1440740
08	017	Bogyoszló	1483291
08	018	Börcs	1492764
08	019	Bőny	1440654
08	020	Bősárkány	1483310
08	021	Cakóháza	1483299
08	022	Cirák	1430597
08	023	Csapod	1458356
08	024	Csáfordjánosfa	1430599
08	025	Csér	1430595
08	026	Csikvánd	1440736
08	027	Csorna	1483313
08	028	Darnózseli	1492793
08	029	Dénesfa	1430602
08	030	Dör	1483296
08	031	Dunakiliti	1492740
08	032	Dunaremete	1491439
08	033	Dunaszeg	1492787
08	034	Dunaszentpál	1492788
08	035	Dunasziget	1492744
08	036	Ebergőc	1458345
08	037	Edve	1483293
08	038	Egyed	1480087
08	039	Egyházasfalu	1458351
08	040	Enese	1492765
08	041	Écs	1440712
08	042	Farád	1483309
08	043	Fehértó	1483300
08	044	Feketeerdő	1492742
08	045	Felpéc	1440745
08	046	Fenyőfő	1440707
08	047	Fertőboz	1491337
08	048	Fertőd	1483474
08	049	Fertőendréd	1483464
08	050	Fertőhomok	1483475
08	051	Fertőrákos	1491336
08	052	Fertőszentmiklós	1483461
08	053	Fertőszéplak	1483463
08	054	Gönyű	1440652
08	055	Gyalóka	1333868
08	056	Gyarmat	1440743
08	057	Gyóró	1430596
08	058	Gyömöre	1440735
08	059	Győr	1440627
08	060	Győrasszonyfa	1440651
08	061	Győrladamér	1492789
08	062	Győrság	1440708
08	063	Győrsövényház	1492766
08	064	Győrszemere	1440741
08	065	Győrújbarát	1440631
08	066	Győrújfalu	1440630
08	067	Győrzámoly	1492794
08	068	Halászi	1491444
08	069	Harka	1491338
08	070	Hegyeshalom	1492745
08	071	Hegykő	1483477
08	072	Hédervár	1492786
08	073	Hidegség	1491339
08	074	Himod	1483466
08	075	Hövej	1483471
08	076	Ikrény	1440624
08	077	Iván	1430601
08	078	Jánossomorja	1491422
08	079	Jobaháza	1483316
08	080	Kajárpéc	1440744
08	081	Kapuvár	1483473
08	082	Kimle	1491440
08	083	Kisbabot	1440733
08	084	Kisbajcs	1440628
08	085	Kisbodak	1491443
08	086	Kisfalud	1483472
08	087	Koroncó	1440742
08	088	Kóny	1483312
08	089	Kópháza	1491335
08	090	Kunsziget	1492792
08	091	Lázi	1440704
08	092	Levél	1492746
08	093	Lébény	1492747
08	094	Lipót	1492791
08	095	Lövő	1430605
08	096	Maglóca	1483294
08	097	Magyarkeresztúr	1483314
08	098	Markotabödöge	1483307
08	099	Máriakálnok	1491442
08	100	Mecsér	1492749
08	101	Mezőörs	1440649
08	102	Mérges	1440746
08	103	Mihályi	1483462
08	104	Mosonmagyaróvár	1491446
08	105	Mosonszentmiklós	1492750
08	106	Mosonszolnok	1491423
08	107	Mórichida	1440739
08	108	Nagybajcs	1492795
08	109	Nagycenk	1458349
08	110	Nagylózs	1458347
08	111	Nagyszentjános	1440648
08	112	Nemeskér	1430603
08	113	Nyalka	1440650
08	114	Nyúl	1573075
08	115	Osli	1483319
08	116	Öttevény	1492790
08	117	Pannonhalma	1440715
08	118	Páli	1483317
08	119	Pásztori	1483302
08	120	Pázmándfalu	1440655
08	121	Pereszteg	1458353
08	122	Petőháza	1483478
08	123	Pér	1440632
08	124	Pinnye	1458346
08	125	Potyond	1483301
08	126	Pusztacsalád	1430600
08	127	Püski	1491445
08	128	Rajka	1492741
08	129	Ravazd	1440716
08	130	Rábacsanak	1480090
08	131	Rábacsécsény	1440731
08	132	Rábakecöl	1483470
08	133	Rábapatona	1492767
08	134	Rábapordány	1480089
08	135	Rábasebes	1483297
08	136	Rábaszentandrás	1480086
08	137	Rábaszentmihály	1440737
08	138	Rábaszentmiklós	1607339
08	139	Rábatamási	1483295
08	140	Rábcakapi	1483298
08	141	Répceszemere	1430598
08	142	Répcevis	1333867
08	143	Rétalap	1440657
08	144	Románd	1440713
08	145	Röjtökmuzsaj	1458354
08	146	Sarród	1607326
08	147	Sikátor	1440709
08	148	Sobor	1440734
08	149	Sokorópátka	1440710
08	150	Sopron	1491393
08	151	Sopronhorpács	1458355
08	152	Sopronkövesd	1458348
08	153	Sopronnémeti	1483318
08	154	Szakony	1333866
08	155	Szany	1480091
08	156	Szárföld	1483321
08	157	Szerecseny	1440732
08	158	Szil	1483320
08	159	Szilsárkány	1483303
08	160	Tarjánpuszta	1440656
08	161	Táp	1440653
08	162	Tápszentmiklós	1440706
08	163	Tárnokréti	1492748
08	164	Tényő	1440729
08	165	Tét	1440738
08	166	Töltéstava	1440625
08	167	Und	1458352
08	168	Újkér	1430604
08	169	Újrónafő	1491425
08	170	Vadosfa	1483304
08	171	Vág	1483306
08	172	Vámosszabadi	1492797
08	173	Várbalog	1491424
08	174	Vásárosfalu	1483305
08	175	Veszkény	1483476
08	176	Veszprémvarsány	1440705
08	177	Vének	1440626
08	178	Vitnyéd	1483465
08	179	Völcsej	1458344
08	180	Zsebeháza	1483292
08	181	Zsira	1458350
08	182	Károlyháza	1491441
08	183	Mosonudvar	2132268
09	001	Álmosd	1452163
09	002	Ártánd	1444152
09	003	Bagamér	1452162
09	004	Bakonszeg	1444178
09	005	Balmazújváros	1407074
09	006	Báránd	1405223
09	007	Bedő	1444158
09	008	Berekböszörmény	1444157
09	009	Berettyóújfalu	1444181
09	010	Bihardancsháza	1405227
09	011	Biharkeresztes	1444159
09	012	Biharnagybajom	1405224
09	013	Bihartorda	1405228
09	014	Bocskaikert	1407075
09	015	Bojt	1444160
09	016	Csökmő	1413581
09	017	Darvas	1413582
09	018	Debrecen	1444234
09	019	Derecske	1443821
09	020	Ebes	1405226
09	021	Egyek	1607464
09	022	Esztár	1443815
09	023	Folyás	1431869
09	024	Földes	1405214
09	025	Furta	1444155
09	026	Fülöp	1447720
09	027	Gáborján	1443819
09	028	Görbeháza	1431873
09	029	Hajdúbagos	1443825
09	030	Hajdúböszörmény	1407076
09	031	Hajdúdorog	1599032
09	032	Hajdúhadház	1607467
09	033	Hajdúnánás	1431872
09	034	Hajdúsámson	1444232
09	035	Hajdúszoboszló	1405218
09	036	Hajdúszovát	1405217
09	037	Hencida	1443820
09	038	Hortobágy	1418268
09	039	Hosszúpályi	1443909
09	040	Kaba	1405216
09	041	Kismarja	1443816
09	042	Kokad	1452161
09	043	Komádi	1413577
09	044	Konyár	1443824
09	045	Körösszakál	1413578
09	046	Körösszegapáti	1444154
09	047	Létavértes	1443911
09	048	Magyarhomorog	1413579
09	049	Mezőpeterd	1444156
09	050	Mezősas	1413805
09	051	Mikepércs	1443823
09	052	Monostorpályi	1443910
09	053	Nagyhegyes	1405220
09	054	Nagykereki	1444153
09	055	Nagyrábé	1444177
09	056	Nádudvar	1405215
09	057	Nyíracsád	1447715
09	058	Nyíradony	1447719
09	059	Nyírábrány	1447717
09	060	Nyírmártonfalva	1444231
09	061	Pocsaj	1443912
09	062	Polgár	1431870
09	063	Püspökladány	1405221
09	064	Sáp	1405225
09	065	Sáránd	1443818
09	066	Sárrétudvari	1405222
09	067	Szentpéterszeg	1443822
09	068	Szerep	1405219
09	069	Tetétlen	1405213
09	070	Téglás	1407077
09	071	Tépe	1443817
09	072	Tiszacsege	1418267
09	073	Tiszagyulaháza	1431902
09	074	Told	1444161
09	075	Újiráz	1413580
09	076	Újléta	1443913
09	077	Újszentmargita	1431871
09	078	Újtikos	1431903
09	079	Vámospércs	1444233
09	080	Váncsod	1444151
09	081	Vekerd	1444180
09	082	Zsáka	1444179
10	001	Abasár	1417304
10	002	Adács	1417484
10	003	Aldebrő	1417305
10	004	Andornaktálya	1418116
10	005	Apc	1417677
10	006	Atkár	1417487
10	007	Átány	1323524
10	008	Balaton	1415526
10	009	Bátor	1418158
10	010	Bekölce	1415538
10	011	Besenyőtelek	1418121
10	012	Bélapátfalva	1418229
10	013	Boconád	1418105
10	014	Bodony	1401776
10	015	Boldog	1418240
10	016	Bükkszenterzsébet	1415534
10	017	Bükkszentmárton	1418231
10	018	Bükkszék	1415537
10	019	Csány	1348113
10	020	Demjén	1418128
10	021	Detk	1418106
10	022	Domoszló	1417308
10	023	Dormánd	1418123
10	024	Ecséd	1417676
10	025	Eger	1418156
10	026	Egerbakta	1418155
10	027	Egerbocs	1415528
10	028	Egercsehi	1415542
10	029	Egerfarmos	1418127
10	030	Egerszalók	1418154
10	031	Egerszólát	1418157
10	032	Erdőkövesd	1415539
10	033	Erdőtelek	1418120
10	034	Erk	1323525
10	035	Fedémes	1415535
10	036	Feldebrő	1418107
10	037	Felsőtárkány	1418232
10	038	Füzesabony	1418125
10	039	Gyöngyös	1417491
10	040	Gyöngyöshalász	1417492
10	041	Gyöngyösoroszi	1417365
10	042	Gyöngyöspata	1417419
10	043	Gyöngyössolymos	1417482
10	044	Gyöngyöstarján	1417420
10	045	Halmajugra	1417485
10	046	Hatvan	1418333
10	047	Heréd	1372511
10	048	Heves	1323522
10	049	Hevesaranyos	1415527
10	050	Hevesvezekény	1323512
10	051	Hort	1417680
10	052	Istenmezeje	1415529
10	053	Ivád	1401773
10	054	Karácsond	1417483
10	055	Kál	1418108
10	056	Kápolna	1418104
10	057	Kerecsend	1418126
10	058	Kisfüzes	1415523
10	059	Kisköre	1325123
10	060	Kisnána	1417284
10	061	Kompolt	1418103
10	062	Kömlő	1418118
10	063	Lőrinci	1372519
10	064	Ludas	1417488
10	065	Maklár	1418113
10	066	Markaz	1417303
10	067	Mátraballa	1401775
10	068	Mátraderecske	1417281
10	069	Mátraszentimre	1417366
10	070	Mezőszemere	1418124
10	071	Mezőtárkány	1418114
10	072	Mikófalva	1418235
10	073	Mónosbél	1418228
10	074	Nagyfüged	1417490
10	075	Nagykökényes	1372508
10	076	Nagyréde	1417486
10	077	Nagytálya	1418117
10	078	Nagyút	1418100
10	079	Nagyvisnyó	1418227
10	080	Noszvaj	1418159
10	081	Novaj	1418122
10	082	Ostoros	1607560
10	083	Parád	1402598
10	084	Parádsasvár	1417367
10	085	Petőfibánya	1372520
10	086	Pély	1323517
10	087	Pétervására	1415536
10	088	Poroszló	1325131
10	089	Recsk	1417278
10	090	Rózsaszentmárton	1417681
10	091	Sarud	1325122
10	092	Sirok	1417280
10	093	Szajla	1417279
10	094	Szentdomonkos	1415531
10	095	Szihalom	1418111
10	096	Szilvásvárad	1418234
10	097	Szúcs	1415530
10	098	Szűcsi	1417679
10	099	Tarnabod	1418101
10	100	Tarnalelesz	1415532
10	101	Tarnaméra	1323523
10	102	Tarnaörs	1348114
10	103	Tarnaszentmária	1417283
10	104	Tarnaszentmiklós	1323515
10	105	Tarnazsadány	1418102
10	106	Tenk	1323526
10	107	Terpes	1415524
10	108	Tiszanána	1325117
10	109	Tófalu	1418099
10	110	Újlőrincfalva	1325130
10	111	Vámosgyörk	1417489
10	112	Váraszó	1415541
10	113	Verpelét	1417282
10	114	Vécs	1417302
10	115	Visonta	1417306
10	116	Visznek	1348117
10	117	Zagyvaszántó	1372510
10	118	Zaránk	1323521
10	119	Szarvaskő	1607553
10	120	Pálosvörösmart	1417307
10	121	Kerekharaszt	1418334
11	001	Abádszalók	1325119
11	002	Alattyán	1323442
11	003	Berekfürdő	1325377
11	004	Besenyszög	1325341
11	005	Cibakháza	1319847
11	006	Csataszög	1315888
11	007	Cserkeszőlő	1319860
11	008	Csépa	1319857
11	009	Fegyvernek	1325337
11	010	Hunyadfalva	1273057
11	011	Jánoshida	1323441
11	012	Jászalsószentgyörgy	1348118
11	013	Jászapáti	1323514
11	014	Jászágó	1347280
11	015	Jászárokszállás	1348115
11	016	Jászberény	1348116
11	017	Jászboldogháza	1323440
11	018	Jászdózsa	1607385
11	019	Jászfelsőszentgyörgy	1323456
11	020	Jászfényszaru	1347281
11	021	Jászivány	1323513
11	022	Jászjákóhalma	1323457
11	023	Jászkisér	1323516
11	024	Jászladány	1273054
11	025	Jászszentandrás	1323510
11	026	Jásztelek	1323455
11	027	Karcag	1325376
11	028	Kenderes	1325334
11	029	Kengyel	1273071
11	030	Kétpó	1315882
11	031	Kisújszállás	1325342
11	032	Kőtelek	1325326
11	033	Kuncsorba	1325336
11	034	Kunhegyes	1325120
11	035	Kunmadaras	1332838
11	036	Kunszentmárton	1319859
11	037	Martfű	1319853
11	038	Mesterszállás	1319848
11	039	Mezőhék	1319856
11	040	Mezőtúr	1325356
11	041	Nagyiván	1332839
11	042	Nagykörű	1315883
11	043	Nagyrév	1319858
11	044	Öcsöd	1319849
11	045	Örményes	1325335
11	046	Pusztamonostor	1344988
11	047	Rákóczifalva	1273070
11	048	Rákócziújfalu	1607434
11	049	Szajol	1273072
11	050	Szászberek	1323438
11	051	Szelevény	1319852
11	052	Szolnok	1273068
11	053	Tiszabő	1325325
11	054	Tiszabura	1325118
11	055	Tiszaderzs	1325121
11	056	Tiszaföldvár	1607433
11	057	Tiszafüred	1335908
11	058	Tiszagyenda	1325128
11	059	Tiszaigar	1325124
11	060	Tiszainoka	1319851
11	061	Tiszajenő	1322067
11	062	Tiszakürt	1319850
11	063	Tiszaörs	1325127
11	064	Tiszapüspöki	1273073
11	065	Tiszaroff	1325328
11	066	Tiszasas	1607402
11	067	Tiszasüly	1325327
11	068	Tiszaszentimre	1325129
11	069	Tiszatenyő	1273069
11	070	Tiszavárkony	1315887
11	071	Tomajmonostora	1325126
11	072	Tószeg	1315881
11	073	Törökszentmiklós	1315885
11	074	Túrkeve	1325357
11	075	Újszász	1323403
11	076	Vezseny	1319855
11	077	Zagyvarékas	1315886
11	078	Tiszaszőlős	1325125
12	001	Aka	1027803
12	002	Almásfüzitő	1608474
12	003	Annavölgy	1027772
12	004	Ács	1027798
12	005	Ácsteszér	1027789
12	006	Baj	1027769
12	007	Bajna	1027812
12	008	Bajót	1027832
12	009	Bakonybánk	1027790
12	010	Bakonysárkány	1027828
12	011	Bakonyszombathely	1027808
12	012	Bana	1027774
12	013	Bábolna	1027802
12	014	Bársonyos	1027783
12	015	Bokod	1027810
12	016	Csatka	1027809
12	017	Császár	1027788
12	018	Csém	1027759
12	019	Csép	1027758
12	020	Csolnok	1027815
12	021	Dad	1027818
12	022	Dág	1027830
12	023	Dorog	1027821
12	024	Dömös	1027819
12	025	Dunaalmás	1027793
12	026	Dunaszentmiklós	1027799
12	027	Epöl	1027775
12	028	Esztergom	1027785
12	029	Ete	1027800
12	030	Gyermely	1027825
12	031	Héreg	1027770
12	032	Kecskéd	1027773
12	033	Kerékteleki	1027753
12	034	Kesztölc	1027816
12	035	Kisbér	1027779
12	036	Kisigmánd	1027826
12	037	Kocs	1027757
12	038	Komárom	1027781
12	039	Kömlőd	1027756
12	040	Környe	1027755
12	041	Lábatlan	1027780
12	042	Leányvár	1027794
12	043	Máriahalom	1027823
12	044	Mocsa	1027827
12	045	Mogyorósbánya	1027766
12	046	Nagyigmánd	1027795
12	047	Nagysáp	1027784
12	048	Naszály	1027822
12	049	Neszmély	1027778
12	050	Nyergesújfalu	1027805
12	051	Oroszlány	1027762
12	052	Piliscsév	1027754
12	053	Pilismarót	1027768
12	054	Réde	1027814
12	055	Sárisáp	1027763
12	056	Súr	1027807
12	057	Süttő	1607359
12	058	Szákszend	1027764
12	059	Szárliget	1027752
12	060	Szomor	1027776
12	061	Szomód	1027786
12	062	Tardos	1027834
12	063	Tarján	1027820
12	064	Tata	1027792
12	065	Tatabánya	1027771
12	066	Tárkány	1027765
12	067	Tát	1027833
12	068	Tokod	1027760
12	069	Tokodaltáró	1027797
12	070	Úny	1027787
12	071	Várgesztes	1027811
12	072	Vérteskethely	1027777
12	073	Vértessomló	1027796
12	074	Vértesszőlős	1027824
12	075	Vértestolna	1027782
12	076	Ászár	1027831
13	001	Alsópetény	1373920
13	002	Alsótold	1370520
13	003	Balassagyarmat	1370323
13	004	Bánk	1322028
13	005	Bárna	1372111
13	006	Bátonyterenye	1417377
13	007	Becske	1370282
13	008	Bercel	1370504
13	009	Berkenye	1401469
13	010	Bér	1370514
13	011	Bokor	1370299
13	012	Borsosberény	1402556
13	013	Buják	1370503
13	014	Cered	1372101
13	015	Cserháthaláp	1370297
13	016	Cserhátsurány	1370295
13	017	Cserhátszentiván	1370532
13	018	Csesztve	1370294
13	019	Csécse	1370497
13	020	Csitár	1370317
13	021	Debercsény	1370289
13	022	Dejtár	1370318
13	023	Diósjenő	1360855
13	024	Dorogháza	1401774
13	025	Drégelypalánk	1360847
13	026	Ecseg	1370519
13	027	Egyházasdengeleg	1372515
13	028	Egyházasgerge	1371942
13	029	Endrefalva	1370515
13	030	Erdőkürt	1372513
13	031	Erdőtarcsa	1372516
13	032	Etes	1370511
13	033	Érsekvadkert	1370300
13	034	Felsőpetény	1322027
13	035	Felsőtold	1370521
13	036	Galgaguta	1370529
13	037	Garáb	1370505
13	038	Herencsény	1370304
13	039	Héhalom	1372517
13	040	Hollókő	1370537
13	041	Hont	1360850
13	042	Horpács	1370288
13	043	Hugyag	1370316
13	044	Iliny	1370296
13	045	Ipolytarnóc	1371937
13	046	Ipolyvece	1370314
13	047	Jobbágyi	1370531
13	048	Karancsalja	1370530
13	049	Karancsberény	1371945
13	050	Karancskeszi	1371946
13	051	Karancslapujtő	1371939
13	052	Karancsság	1370501
13	053	Kazár	1372091
13	054	Kálló	1372512
13	055	Keszeg	1373917
13	056	Kétbodony	1370283
13	057	Kisbágyon	1370525
13	058	Kisbárkány	1370526
13	059	Kisecset	1370293
13	060	Kishartyán	1370516
13	061	Kozárd	1370510
13	062	Kutasó	1370527
13	063	Legénd	1373926
13	064	Litke	1371944
13	065	Lucfalva	1370524
13	066	Ludányhalászi	1370512
13	067	Magyargéc	1370522
13	068	Magyarnándor	1370287
13	069	Márkháza	1370500
13	070	Mátramindszent	1401778
13	071	Mátranovák	1372092
13	072	Mátraszele	1372114
13	073	Mátraszőlős	1370506
13	074	Mátraterenye	1372093
13	075	Mátraverebély	1372112
13	076	Mihálygerge	1371938
13	077	Mohora	1370292
13	078	Nagybárkány	1370517
13	079	Nagykeresztúr	1370518
13	080	Nagylóc	1370507
13	081	Nagyoroszi	1402555
13	082	Nemti	1372113
13	083	Nézsa	1373922
13	084	Nógrád	1401468
13	085	Nógrádkövesd	1373923
13	086	Nógrádmarcal	1370303
13	087	Nógrádmegyer	1370499
13	088	Nógrádsáp	1373918
13	089	Nógrádsipek	1370498
13	090	Nógrádszakál	1371943
13	091	Nőtincs	1373916
13	092	Őrhalom	1370313
13	093	Ősagárd	1373925
13	094	Palotás	1372518
13	095	Patak	1370321
13	096	Patvarc	1370319
13	097	Pásztó	1417422
13	098	Piliny	1370523
13	099	Pusztaberki	1370284
13	100	Rétság	1322031
13	101	Rimóc	1370509
13	102	Romhány	1370291
13	103	Salgótarján	1372090
13	104	Ságújfalu	1370513
13	105	Sámsonháza	1370528
13	106	Sóshartyán	1370502
13	107	Szalmatercs	1370508
13	108	Szanda	1370285
13	109	Szarvasgede	1370533
13	110	Szátok	1370302
13	111	Szendehely	1607369
13	112	Szente	1370286
13	113	Szécsénke	1370290
13	114	Szécsény	1370535
13	115	Szécsényfelfalu	1370536
13	116	Szilaspogony	1372110
13	117	Szirák	1370534
13	118	Szuha	1417370
13	119	Szurdokpüspöki	1417421
13	120	Szügy	1370322
13	121	Tar	1372130
13	122	Tereske	1322029
13	123	Terény	1370298
13	124	Tolmács	1322030
13	125	Vanyarc	1372509
13	126	Varsány	1370315
13	127	Vizslás	1372109
13	128	Zabar	1372105
13	129	Rákóczibánya	1372089
13	130	Ipolyszög	1370320
13	131	Somoskőújfalu	1372088
14	001	Abony	1319915
14	002	Acsa	1375466
14	003	Albertirsa	1323261
14	004	Alsónémedi	214783
14	005	Apaj	222348
14	006	Aszód	1607378
14	007	Áporka	222345
14	008	Bag	1390978
14	009	Bernecebaráti	1360848
14	010	Bénye	1323375
14	011	Biatorbágy	113461
14	012	Budajenő	113477
14	013	Budakalász	216158
14	014	Budakeszi	113473
14	015	Budaörs	113463
14	016	Bugyi	214780
14	017	Cegléd	1323439
14	018	Ceglédbercel	1323378
14	019	Csemő	1319914
14	020	Csévharaszt	1356664
14	021	Csobánka	216169
14	022	Csomád	1390627
14	023	Csömör	1390432
14	024	Csővár	1373919
14	025	Dabas	1356707
14	026	Dánszentmiklós	1323259
14	027	Dány	1379823
14	028	Délegyháza	222343
14	029	Diósd	112433
14	030	Domony	1390691
14	031	Dömsöd	222347
14	032	Dunabogdány	216165
14	033	Dunaharaszti	222340
14	034	Dunakeszi	214932
14	035	Dunavarsány	222342
14	036	Ecser	1385591
14	037	Erdőkertes	1390626
14	038	Érd	112435
14	039	Farmos	1323437
14	040	Felsőpakony	214782
14	041	Fót	214931
14	042	Galgagyörk	1375463
14	043	Galgahévíz	1390979
14	044	Galgamácsa	1375467
14	045	Gomba	1330551
14	046	Göd	214933
14	047	Gödöllő	1392595
14	048	Gyál	1385739
14	049	Gyömrő	1385399
14	050	Halásztelek	222330
14	051	Herceghalom	113474
14	052	Hernád	1356708
14	053	Hévízgyörk	1390977
14	054	Iklad	1390692
14	055	Inárcs	1356712
14	056	Ipolydamásd	1370262
14	057	Ipolytölgyes	1360854
14	058	Isaszeg	1390282
14	059	Jászkarajenő	1415301
14	060	Kakucs	1356709
14	061	Kartal	1402643
14	062	Káva	1323377
14	063	Kemence	1360852
14	064	Kerepes	1388598
14	065	Kiskunlacháza	222346
14	066	Kismaros	1440601
14	067	Kisnémedi	1390625
14	068	Kisoroszi	216162
14	069	Kistarcsa	1390433
14	070	Kocsér	1319917
14	071	Kosd	1375475
14	072	Kóka	1379827
14	073	Kóspallag	1370264
14	074	Kőröstetétlen	1315884
14	075	Leányfalu	216164
14	076	Letkés	1370261
14	077	Lórév	222338
14	078	Maglód	1385398
14	079	Majosháza	222344
14	080	Makád	222339
14	081	Márianosztra	1370265
14	082	Mende	1385344
14	083	Mikebuda	1319918
14	084	Mogyoród	214930
14	085	Monor	1607393
14	086	Nagybörzsöny	1370259
14	087	Nagykáta	1323458
14	088	Nagykovácsi	215946
14	089	Nagykőrös	1319913
14	090	Nagymaros	1440603
14	091	Nagytarcsa	1390431
14	092	Nyáregyháza	1323260
14	093	Nyársapát	1319916
14	094	Ócsa	214784
14	095	Örkény	1356711
14	096	Őrbottyán	1390624
14	097	Pánd	1323379
14	098	Páty	113475
14	099	Penc	1375474
14	100	Perbál	215936
14	101	Perőcsény	1360851
14	102	Pécel	1385400
14	103	Péteri	1385348
14	104	Pilis	1323376
14	105	Pilisborosjenő	215942
14	106	Piliscsaba	215939
14	107	Pilisjászfalu	215938
14	108	Pilisszántó	215940
14	109	Pilisszentiván	215944
14	110	Pilisszentkereszt	216168
14	111	Pilisszentlászló	216167
14	112	Pilisvörösvár	215943
14	113	Pomáz	216159
14	114	Pócsmegyer	216163
14	115	Pusztavacs	1356710
14	116	Pusztazámor	113459
14	117	Püspökhatvan	1375464
14	118	Püspökszilágy	1375472
14	119	Ráckeve	222336
14	120	Rád	1375471
14	121	Solymár	215945
14	122	Sóskút	113460
14	123	Sülysáp	1385347
14	124	Szada	1385789
14	125	Százhalombatta	112432
14	126	Szentendre	216160
14	127	Szentlőrinckáta	1607383
14	128	Szentmártonkáta	1385346
14	129	Szigetbecse	222337
14	130	Szigetcsép	222333
14	131	Szigethalom	222332
14	132	Szigetmonostor	216157
14	133	Szigetszentmárton	222335
14	134	Szigetszentmiklós	222329
14	135	Szigetújfalu	222334
14	136	Szob	1370263
14	137	Szokolya	1401467
14	138	Sződ	1375511
14	139	Sződliget	1375512
14	140	Tahitótfalu	216161
14	141	Taksony	222341
14	142	Tatárszentgyörgy	1348145
14	143	Táborfalva	1607389
14	144	Tápióbicske	1330550
14	145	Tápiógyörgye	1355332
14	146	Tápióság	1330552
14	147	Tápiószecső	1385343
14	148	Tápiószele	1323436
14	149	Tápiószentmárton	1330549
14	150	Tápiószőlős	1323404
14	151	Tárnok	112434
14	152	Telki	113476
14	153	Tésa	1360849
14	154	Tinnye	215937
14	155	Tóalmás	1385345
14	156	Tök	215935
14	157	Tököl	222331
14	158	Törökbálint	113462
14	159	Törtel	1319912
14	160	Tura	1607384
14	161	Újhartyán	1356706
14	162	Újlengyel	1323258
14	163	Újszilvás	1323405
14	164	Úri	1330553
14	165	Üllő	1385397
14	166	Üröm	215941
14	167	Valkó	1379825
14	168	Vasad	1356665
14	169	Vác	1440602
14	170	Vácduka	1375473
14	171	Vácegres	1390689
14	172	Váchartyán	1390629
14	173	Váckisújfalu	1375465
14	174	Vácrátót	1390628
14	175	Vácszentlászló	1379824
14	176	Vámosmikola	1360853
14	177	Vecsés	1385590
14	178	Veresegyház	1390690
14	179	Verőce	1440600
14	180	Verseg	1372514
14	181	Visegrád	216166
14	182	Zebegény	1370260
14	183	Zsámbék	215934
14	184	Zsámbok	1379826
14	185	Csörög	1375470
14	186	Remeteszőlős	215947
14	187	Monorierdő	1690323
15	001	Alsóbogát	1367878
15	002	Andocs	1367841
15	003	Ádánd	1367959
15	004	Babócsa	1367977
15	005	Bakháza	1367978
15	006	Balatonberény	1368066
15	007	Balatonboglár	1367832
15	008	Balatonendréd	1367991
15	009	Balatonfenyves	1368071
15	010	Balatonföldvár	1367849
15	011	Balatonkeresztúr	1367917
15	012	Balatonlelle	1368026
15	013	Balatonmáriafürdő	1367884
15	014	Balatonőszöd	1368008
15	015	Balatonszabadi	1367931
15	016	Balatonszárszó	1367894
15	017	Balatonszemes	1367995
15	018	Balatonszentgyörgy	1367866
15	019	Balatonújlak	1367833
15	020	Barcs	1368014
15	021	Baté	1367859
15	022	Bábonymegyer	1367905
15	023	Bálványos	1367844
15	024	Bárdudvarnok	1368056
15	025	Bedegkér	1367972
15	026	Beleg	1367853
15	027	Berzence	1367850
15	028	Bélavár	1367897
15	029	Bodrog	1367974
15	030	Bolhás	1367838
15	031	Bolhó	1367861
15	032	Bonnya	1368097
15	033	Böhönye	1367944
15	034	Bőszénfa	1368002
15	035	Buzsák	1367932
15	036	Büssü	1368069
15	037	Csákány	1368065
15	038	Cserénfa	1367935
15	039	Csokonyavisonta	1367862
15	040	Csoma	1368013
15	041	Csombárd	1367879
15	042	Csököly	1368088
15	043	Csömend	1368074
15	044	Csurgó	1368009
15	045	Csurgónagymarton	1368086
15	046	Darány	1368022
15	047	Drávagárdony	1367873
15	048	Drávatamási	1367952
15	049	Ecseny	1367997
15	050	Edde	1368077
15	051	Felsőmocsolád	1367966
15	052	Fiad	1367882
15	053	Fonó	1368059
15	054	Fonyód	1367922
15	055	Főnyed	1368094
15	056	Gadács	1368020
15	057	Gadány	1367918
15	058	Gamás	1367960
15	059	Gálosfa	1367886
15	060	Gige	1367860
15	061	Gölle	1367985
15	062	Görgeteg	1367968
15	063	Gyékényes	1368005
15	064	Gyugy	1368081
15	065	Hajmás	1368004
15	066	Hács	1368011
15	067	Háromfa	1367948
15	068	Hedrehely	1368007
15	069	Hencse	1368078
15	070	Heresznye	1367941
15	071	Hetes	1367998
15	072	Hollád	1367875
15	073	Homokszentgyörgy	1368100
15	074	Hosszúvíz	1368067
15	075	Igal	1368042
15	076	Iharos	1368021
15	077	Iharosberény	1367871
15	078	Inke	1368010
15	079	Istvándi	1367921
15	080	Jákó	1367988
15	081	Juta	1367929
15	082	Kadarkút	1367891
15	083	Kapoly	1367951
15	084	Kaposfő	1367950
15	085	Kaposgyarmat	1367963
15	086	Kaposhomok	1368012
15	087	Kaposkeresztúr	1367856
15	088	Kaposmérő	1368016
15	089	Kaposszerdahely	1367979
15	090	Kaposújlak	1367914
15	091	Kaposvár	1368050
15	092	Karád	1367881
15	093	Kastélyosdombó	1368102
15	094	Kaszó	1367880
15	095	Kazsok	1367955
15	096	Kálmáncsa	1367987
15	097	Kánya	1367855
15	098	Kára	1367937
15	099	Kelevíz	1368019
15	100	Kercseliget	1368095
15	101	Kereki	1368003
15	102	Kéthely	1367953
15	103	Kisasszond	1367975
15	104	Kisbajom	1367908
15	105	Kisbárapáti	1368000
15	106	Kisberény	1367852
15	107	Kisgyalán	1367870
15	108	Kiskorpád	1368062
15	109	Komlósd	1368015
15	110	Kötcse	1367964
15	111	Kőkút	1367967
15	112	Kőröshegy	1367868
15	113	Kutas	1367970
15	114	Lad	1367949
15	115	Lakócsa	1367958
15	116	Lábod	1367883
15	117	Látrány	1368072
15	118	Lengyeltóti	1368047
15	119	Libickozma	1367994
15	120	Lulla	1367943
15	121	Magyaratád	1367835
15	122	Magyaregres	1368044
15	123	Marcali	1368073
15	124	Mernye	1367847
15	125	Mesztegnyő	1367954
15	126	Mezőcsokonya	1367957
15	127	Mike	1368053
15	128	Miklósi	1368030
15	129	Mosdós	1368058
15	130	Nagyatád	1367999
15	131	Nagybajom	1368023
15	132	Nagyberény	1367839
15	133	Nagyberki	1367910
15	134	Nagycsepely	1368064
15	135	Nagykorpád	1368082
15	136	Nagyszakácsi	1368001
15	137	Nágocs	1367858
15	138	Nemesdéd	1367982
15	139	Nemeskisfalud	1367867
15	140	Nemesvid	1367865
15	141	Nikla	1367876
15	142	Nyim	1367936
15	143	Orci	1368098
15	144	Ordacsehi	1367992
15	145	Osztopán	1368052
15	146	Öreglak	1367934
15	147	Ötvöskónyi	1367930
15	148	Őrtilos	1368043
15	149	Pamuk	1367971
15	150	Patalom	1367996
15	151	Patca	1367942
15	152	Patosfa	1367872
15	153	Pálmajor	1368101
15	154	Péterhida	1367912
15	155	Pogányszentpéter	1367899
15	156	Polány	1367889
15	157	Porrog	1367888
15	158	Porrogszentkirály	1367938
15	159	Porrogszentpál	1368051
15	160	Potony	1367990
15	161	Pusztakovácsi	1368038
15	162	Pusztaszemes	1367981
15	163	Ráksi	1367877
15	164	Rinyabesenyő	1368048
15	165	Rinyakovácsi	1367940
15	166	Rinyaszentkirály	1367851
15	167	Rinyaújlak	1368061
15	168	Rinyaújnép	1368055
15	169	Ságvár	1367887
15	170	Sántos	1367973
15	171	Sávoly	1367983
15	172	Segesd	1368079
15	173	Sérsekszőlős	1367864
15	174	Simonfa	1367845
15	175	Siófok	1368046
15	176	Siójut	1367946
15	177	Som	1367857
15	178	Somodor	1368070
15	179	Somogyacsa	1367869
15	180	Somogyaracs	1368090
15	181	Somogyaszaló	1367836
15	182	Somogybabod	1367840
15	183	Somogybükkösd	1367846
15	184	Somogycsicsó	1368099
15	185	Somogydöröcske	1368068
15	186	Somogyegres	1367885
15	187	Somogyfajsz	1367834
15	188	Somogygeszti	1367928
15	189	Somogyjád	1367939
15	190	Somogymeggyes	1368063
15	191	Somogysámson	1368033
15	192	Somogysárd	1367837
15	193	Somogysimonyi	1368017
15	194	Somogyszentpál	1367926
15	195	Somogyszil	1367920
15	196	Somogyszob	1368045
15	197	Somogytúr	1367924
15	198	Somogyudvarhely	1368054
15	199	Somogyvámos	1368083
15	200	Somogyvár	1368049
15	201	Somogyzsitfa	1367961
15	202	Szabadi	1367945
15	203	Szabás	1367933
15	204	Szántód	1368096
15	205	Szegerdő	1367925
15	206	Szenna	1367902
15	207	Szenta	1367986
15	208	Szentbalázs	1368085
15	209	Szentborbás	1368024
15	210	Szentgáloskér	1367956
15	211	Szenyér	1367984
15	212	Szilvásszentmárton	1368091
15	213	Szorosad	1367919
15	214	Szólád	1367962
15	215	Szőkedencs	1367916
15	216	Szőlősgyörök	1367969
15	217	Szulok	1367913
15	218	Tab	1367915
15	219	Tapsony	1367842
15	220	Tarany	1368060
15	221	Taszár	1367911
15	222	Táska	1367843
15	223	Teleki	1367976
15	224	Tengőd	1368084
15	225	Tikos	1367993
15	226	Torvaj	1368092
15	227	Tótújfalu	1367923
15	228	Törökkoppány	1367854
15	229	Újvárfalva	1368087
15	230	Varászló	1368093
15	231	Várda	1368006
15	232	Vése	1368057
15	233	Visnye	1367848
15	234	Visz	1367874
15	235	Vízvár	1368089
15	236	Vörs	1368018
15	237	Zala	1367980
15	238	Zamárdi	1368080
15	239	Zákány	1367965
15	240	Zics	1367989
15	241	Zimány	1367947
15	242	Zselickisfalud	1367863
15	243	Zselickislak	1368075
15	244	Zselicszentpál	1367927
15	245	Zákányfalu	1368076
15	246	Balatonvilágos	1458087
16	001	Ajak	1453538
16	002	Anarcs	1452611
16	003	Apagy	1447639
16	004	Aranyosapáti	1453873
16	005	Baktalórántháza	1452142
16	006	Balkány	1447644
16	007	Balsa	1453500
16	008	Barabás	1456932
16	009	Bátorliget	1452131
16	010	Benk	1456937
16	011	Beregdaróc	1456942
16	012	Beregsurány	1456928
16	013	Berkesz	1453530
16	014	Besenyőd	1447642
16	015	Beszterec	1453516
16	016	Biri	1447638
16	017	Botpalád	1452464
16	018	Bököny	1447633
16	019	Buj	1453509
16	020	Cégénydányád	1452460
16	021	Csaholc	1452466
16	022	Csaroda	1456939
16	023	Császló	1452435
16	024	Csegöld	1452440
16	025	Csenger	1456960
16	026	Csengersima	1452432
16	027	Csengerújfalu	1456963
16	028	Darnó	1452438
16	029	Demecser	1453533
16	030	Dombrád	1453528
16	031	Döge	1453526
16	032	Encsencs	1447714
16	033	Eperjeske	1456917
16	034	Érpatak	1447641
16	035	Fábiánháza	1452139
16	036	Fehérgyarmat	1452434
16	037	Fényeslitke	1453525
16	038	Fülesd	1452482
16	039	Fülpösdaróc	1452446
16	040	Gacsály	1452488
16	041	Garbolc	1452467
16	042	Gávavencsellő	1453499
16	043	Gelénes	1456930
16	044	Gemzse	1452609
16	045	Geszteréd	1447640
16	046	Géberjén	1452437
16	047	Gégény	1453529
16	048	Gulács	1452469
16	049	Győröcske	1456931
16	050	Győrtelek	1452145
16	051	Gyulaháza	1452612
16	052	Gyügye	1452441
16	053	Gyüre	1453876
16	054	Hermánszeg	1452447
16	055	Hetefejércse	1452468
16	056	Hodász	1452140
16	057	Ibrány	1453498
16	058	Ilk	1456926
16	059	Jánd	1452451
16	060	Jánkmajtis	1452430
16	061	Jármi	1452124
16	062	Jéke	1453878
16	063	Kállósemjén	1447646
16	064	Kálmánháza	1447648
16	065	Kántorjánosi	1452125
16	066	Kemecse	1453517
16	067	Kék	1453501
16	068	Kékcse	1453535
16	069	Kérsemjén	1452136
16	070	Kisar	1452148
16	071	Kishódos	1452439
16	072	Kisléta	1447636
16	073	Kisnamény	1452465
16	074	Kispalád	1452433
16	075	Kisszekeres	1452483
16	076	Kisvarsány	1456923
16	077	Kisvárda	1453536
16	078	Kocsord	1452149
16	079	Komlódtótfalu	1452428
16	080	Komoró	1453537
16	081	Kótaj	1446110
16	082	Kölcse	1452478
16	083	Kömörő	1452456
16	084	Laskod	1452117
16	085	Levelek	1447650
16	086	Lónya	1456943
16	087	Lövőpetri	1452606
16	088	Magosliget	1452475
16	089	Magy	1447634
16	090	Mánd	1452449
16	091	Mándok	1453877
16	092	Máriapócs	1447647
16	093	Márokpapi	1456933
16	094	Mátészalka	1452121
16	095	Mátyus	1456920
16	096	Mezőladány	1453871
16	097	Méhtelek	1452474
16	098	Mérk	1452135
16	099	Milota	1452484
16	100	Nagyar	1452481
16	101	Nagycserkesz	1447609
16	102	Nagydobos	1452137
16	103	Nagyecsed	1452138
16	104	Nagyhalász	1453502
16	105	Nagyhódos	1452471
16	106	Nagykálló	1447631
16	107	Nagyszekeres	1452452
16	108	Nagyvarsány	1456929
16	109	Napkor	1447611
16	110	Nábrád	1452113
16	111	Nemesborzova	1452461
16	112	Nyírbátor	1452127
16	113	Nyírbéltek	1447716
16	114	Nyírbogát	1452143
16	115	Nyírbogdány	1447610
16	116	Nyírcsaholy	1452126
16	117	Nyírcsászári	1452122
16	118	Nyírderzs	1452115
16	119	Nyíregyháza	1447608
16	120	Nyírgelse	1447645
16	121	Nyírgyulaj	1452116
16	122	Nyíribrony	1452118
16	123	Nyírjákó	1452129
16	124	Nyírkarász	1452608
16	125	Nyírkáta	1452150
16	126	Nyírkércs	1452153
16	127	Nyírlövő	1453875
16	128	Nyírlugos	1447718
16	129	Nyírmada	1452605
16	130	Nyírmeggyes	1452141
16	131	Nyírmihálydi	1447635
16	132	Nyírparasznya	1452119
16	133	Nyírpazony	1447612
16	134	Nyírpilis	1452128
16	135	Nyírtass	1453539
16	136	Nyírtelek	1446109
16	137	Nyírtét	1447606
16	138	Nyírtura	1447614
16	139	Nyírvasvári	1452152
16	140	Olcsva	1452455
16	141	Olcsvaapáti	1452476
16	142	Ófehértó	1447643
16	143	Ópályi	1452151
16	144	Ököritófülpös	1452463
16	145	Ömböly	1452156
16	146	Őr	1452146
16	147	Panyola	1452459
16	148	Pap	1453872
16	149	Papos	1452134
16	150	Paszab	1453505
16	151	Pátroha	1453534
16	152	Pátyod	1452487
16	153	Penészlek	1447713
16	154	Penyige	1452444
16	155	Petneháza	1452607
16	156	Piricse	1452112
16	157	Porcsalma	1452443
16	158	Pócspetri	1447632
16	159	Pusztadobos	1452144
16	160	Rakamaz	1453510
16	161	Ramocsaháza	1452120
16	162	Rápolt	1452479
16	163	Rétközberencs	1453531
16	164	Rohod	1452132
16	165	Rozsály	1452442
16	166	Sényő	1447607
16	167	Sonkád	1452429
16	168	Szabolcs	1453508
16	169	Szabolcsbáka	1452610
16	170	Szabolcsveresmart	1453532
16	171	Szakoly	1447649
16	172	Szamosangyalos	1452472
16	173	Szamosbecs	1452457
16	174	Szamoskér	1452111
16	175	Szamossályi	1452453
16	176	Szamosszeg	1452133
16	177	Szamostatárfalva	1452480
16	178	Szamosújlak	1452454
16	179	Szatmárcseke	1452450
16	180	Székely	1452109
16	181	Tarpa	1452462
16	182	Tákos	1456925
16	183	Terem	1452114
16	184	Tiborszállás	1452147
16	185	Timár	1453503
16	186	Tiszaadony	1456936
16	187	Tiszabecs	1452436
16	188	Tiszabercel	1453515
16	189	Tiszabezdéd	1456934
16	190	Tiszacsécse	1452431
16	191	Tiszadada	1431904
16	192	Tiszadob	1431907
16	193	Tiszaeszlár	1446113
16	194	Tiszakanyár	1453527
16	195	Tiszakerecseny	1456941
16	196	Tiszakóród	1452445
16	197	Tiszalök	1446112
16	198	Tiszamogyorós	1456927
16	199	Tiszanagyfalu	1447613
16	200	Tiszarád	1453514
16	201	Tiszaszalka	1456919
16	202	Tiszaszentmárton	1456922
16	203	Tiszatelek	1453512
16	204	Tiszavasvári	1446108
16	205	Tiszavid	1456921
16	206	Tisztaberek	1452427
16	207	Tivadar	1452470
16	208	Tornyospálca	1453880
16	209	Tunyogmatolcs	1452110
16	210	Tuzsér	1453874
16	211	Túristvándi	1452448
16	212	Túrricse	1452485
16	213	Tyukod	1456961
16	214	Ura	1456962
16	215	Uszka	1452477
16	216	Újdombrád	1453504
16	217	Újfehértó	1447637
16	218	Újkenéz	1453879
16	219	Vaja	1452130
16	220	Vasmegyer	1453513
16	221	Vállaj	1452123
16	222	Vámosatya	1456935
16	223	Vámosoroszi	1452458
16	224	Vásárosnamény	1456924
16	225	Zajta	1452473
16	226	Záhony	1456916
16	227	Zsarolyán	1452486
16	228	Zsurk	1456918
16	229	Szorgalmatos	1446111
17	001	Alsónána	1501297
17	002	Alsónyék	1501299
17	003	Aparhant	1501364
17	004	Attala	1502209
17	005	Báta	1501294
17	006	Bátaapáti	1501288
17	007	Bátaszék	1501286
17	008	Belecska	1503221
17	009	Bikács	1403026
17	010	Bogyiszló	1493765
17	011	Bonyhád	1501376
17	012	Bonyhádvarasd	1501366
17	013	Bölcske	1407268
17	014	Cikó	1501301
17	015	Csibrák	1503716
17	016	Csikóstőttős	1502212
17	017	Dalmand	1502214
17	018	Decs	1501285
17	019	Diósberény	1503222
17	020	Dombóvár	1502215
17	021	Döbrököz	1503714
17	022	Dunaföldvár	1407270
17	023	Dunaszentgyörgy	1493087
17	024	Dúzs	1503715
17	025	Értény	1503178
17	026	Fadd	1493764
17	027	Fácánkert	1493763
17	028	Felsőnána	1501374
17	029	Felsőnyék	1458082
17	030	Fürged	1503203
17	031	Gerjen	1493088
17	032	Grábóc	1501302
17	033	Gyönk	1503224
17	034	Györe	1501360
17	035	Györköny	1403025
17	036	Gyulaj	1503713
17	037	Harc	1501284
17	038	Hőgyész	1503269
17	039	Iregszemcse	1503201
17	040	Izmény	1501368
17	041	Jágónak	1502211
17	042	Kajdacs	1493089
17	043	Kakasd	1501289
17	044	Kalaznó	1501370
17	045	Kapospula	1502213
17	046	Kaposszekcső	1502210
17	047	Keszőhidegkút	1503226
17	048	Kéty	1501361
17	049	Kisdorog	1501375
17	050	Kismányok	1501365
17	051	Kisszékely	1403021
17	052	Kistormás	1493780
17	053	Kisvejke	1501373
17	054	Kocsola	1503182
17	055	Koppányszántó	1503180
17	056	Kölesd	1493779
17	057	Kurd	1503717
17	058	Lápafő	1503176
17	059	Lengyel	1503712
17	060	Madocsa	1407267
17	061	Magyarkeszi	1503204
17	062	Medina	1493781
17	063	Miszla	1503228
17	064	Mórágy	1501292
17	065	Mőcsény	1501290
17	066	Mucsfa	1501359
17	067	Mucsi	1503711
17	068	Murga	1501362
17	069	Nagydorog	1503223
17	070	Nagykónyi	1503181
17	071	Nagymányok	1501367
17	072	Nagyszékely	1403028
17	073	Nagyszokoly	1503202
17	074	Nagyvejke	1501363
17	075	Nak	1502216
17	076	Németkér	1407271
17	077	Ozora	1403108
17	078	Őcsény	1501295
17	079	Paks	1493086
17	080	Pálfa	1403109
17	081	Pincehely	1403024
17	082	Pörböly	1501298
17	083	Pusztahencse	1493090
17	084	Regöly	1503229
17	085	Sárpilis	1501291
17	086	Sárszentlőrinc	1503230
17	087	Simontornya	1403104
17	088	Sióagárd	1501293
17	089	Szakadát	1503227
17	090	Szakály	1503719
17	091	Szakcs	1503183
17	092	Szálka	1501287
17	093	Szárazd	1503225
17	094	Szedres	1493766
17	095	Szekszárd	1501296
17	096	Tamási	1503200
17	097	Tengelic	1493091
17	098	Tevel	1501377
17	099	Tolna	1493767
17	100	Tolnanémedi	1403018
17	101	Udvari	1503220
17	102	Újireg	1503177
17	103	Varsád	1493778
17	104	Váralja	1501371
17	105	Várdomb	1501300
17	106	Várong	1503179
17	107	Závod	1501369
17	108	Zomba	1501372
17	109	Pári	1503175
18	001	Acsád	1131678
18	002	Alsószölnök	1131427
18	003	Alsóújlak	1131460
18	004	Andrásfa	1131484
18	005	Apátistvánfalva	1131404
18	006	Bajánsenye	1131417
18	007	Balogunyom	1131682
18	008	Bejcgyertyános	1131463
18	009	Bérbaltavár	1131358
18	010	Boba	1132229
18	011	Borgáta	1132235
18	012	Bozsok	1131565
18	013	Bozzai	1131659
18	014	Bögöt	1131462
18	015	Bögöte	1131316
18	016	Bő	1131457
18	017	Bucsu	1131694
18	018	Bük	1131486
18	019	Cák	1131570
18	020	Celldömölk	1132249
18	021	Chernelházadamonya	1131435
18	022	Csákánydoroszló	1131495
18	023	Csánig	1131428
18	024	Csehi	1131398
18	025	Csehimindszent	1131425
18	026	Csempeszkopács	1607308
18	027	Csepreg	1131353
18	028	Csénye	1131371
18	029	Csipkerek	1131454
18	030	Csönge	1132245
18	031	Csörötnek	1131330
18	032	Daraboshegy	1131400
18	033	Dozmat	1131693
18	034	Döbörhegy	1131424
18	035	Döröske	1131331
18	036	Duka	1132251
18	037	Egervölgy	1131431
18	038	Egyházashetye	1132238
18	039	Egyházashollós	1131312
18	040	Egyházasrádóc	1131414
18	041	Felsőcsatár	1131663
18	042	Felsőjánosfa	1131461
18	043	Felsőmarác	1131487
18	044	Felsőszölnök	1131488
18	045	Gasztony	1131502
18	046	Gencsapáti	1131676
18	047	Gersekarát	1131492
18	048	Gérce	1131505
18	049	Gór	1131362
18	050	Gyanógeregye	1131671
18	051	Gyöngyösfalu	1131575
18	052	Győrvár	1131364
18	053	Halastó	1131503
18	054	Halogy	1131392
18	055	Harasztifalu	1131478
18	056	Hegyfalu	1131469
18	057	Hegyháthodász	1131443
18	058	Hegyhátsál	1131409
18	059	Hegyhátszentjakab	1131449
18	060	Hegyhátszentmárton	1131382
18	061	Hegyhátszentpéter	1131389
18	062	Horvátlövő	1131661
18	063	Horvátzsidány	1131574
18	064	Hosszúpereszteg	1131474
18	065	Ikervár	1131490
18	066	Iklanberény	1131506
18	067	Ispánk	1131420
18	068	Ivánc	1131360
18	069	Ják	1131670
18	070	Jákfa	1131451
18	071	Jánosháza	1132233
18	072	Karakó	1132232
18	073	Katafa	1131455
18	074	Káld	1131412
18	075	Kám	1131429
18	076	Keléd	1132228
18	077	Kemeneskápolna	1132242
18	078	Kemenesmagasi	1132223
18	079	Kemenesmihályfa	1132226
18	080	Kemenespálfa	1132225
18	081	Kemenessömjén	1132250
18	082	Kemenesszentmárton	1132248
18	083	Kemestaródfa	1131329
18	084	Kenéz	1131315
18	085	Kenyeri	1132230
18	086	Kercaszomor	1131509
18	087	Kerkáskápolna	1131408
18	088	Kétvölgy	1131433
18	089	Kisrákos	1131374
18	090	Kissomlyó	1132234
18	091	Kisunyom	1131685
18	092	Kiszsidány	1607309
18	093	Kondorfa	1131359
18	094	Köcsk	1132241
18	095	Körmend	1131491
18	096	Kőszeg	1131571
18	097	Kőszegdoroszló	1131568
18	098	Kőszegpaty	1131562
18	099	Kőszegszerdahely	1131572
18	100	Lócs	1131468
18	101	Lukácsháza	1131573
18	102	Magyarlak	1131456
18	103	Magyarnádalja	1131343
18	104	Magyarszecsőd	1131410
18	105	Magyarszombatfa	1131411
18	106	Meggyeskovácsi	1131387
18	107	Megyehíd	1131475
18	108	Mersevát	1132244
18	109	Mesterháza	1131482
18	110	Mesteri	1132247
18	111	Meszlen	1131672
18	112	Mikosszéplak	1131352
18	113	Molnaszecsőd	1131383
18	114	Nagygeresd	1131494
18	115	Nagykölked	1131473
18	116	Nagymizdó	1131464
18	117	Nagyrákos	1124138
18	118	Nagysimonyi	1132240
18	119	Nagytilaj	1131497
18	120	Narda	1131674
18	121	Nádasd	1131406
18	122	Nárai	1131683
18	123	Nemesbőd	1131677
18	124	Nemescsó	1131564
18	125	Nemeskeresztúr	1132246
18	126	Nemeskocs	1132239
18	127	Nemeskolta	1131675
18	128	Nemesládony	1131477
18	129	Nemesmedves	1131500
18	130	Nemesrempehollós	1131434
18	131	Nick	1131421
18	132	Nyőgér	1131413
18	133	Olaszfa	1131377
18	134	Orfalu	1131458
18	135	Ostffyasszonyfa	1132243
18	136	Oszkó	1131334
18	137	Ólmod	1131561
18	138	Ölbő	1131481
18	139	Őrimagyarósd	1131399
18	140	Őriszentpéter	1131459
18	141	Pankasz	1131432
18	142	Pácsony	1131416
18	143	Pápoc	1132231
18	144	Pecöl	1131379
18	145	Perenye	1131664
18	146	Peresznye	1131563
18	147	Petőmihályfa	1131483
18	148	Pinkamindszent	1131319
18	149	Pornóapáti	1131667
18	150	Porpác	1131363
18	151	Pósfa	1131507
18	152	Pusztacsó	1131569
18	153	Püspökmolnári	1131496
18	154	Rábagyarmat	1131375
18	155	Rábahídvég	1131402
18	156	Rábapaty	1131470
18	157	Rábatöttös	1131666
18	158	Rádóckölked	1131446
18	159	Rátót	1131365
18	160	Répcelak	1131418
18	161	Répceszentgyörgy	1131318
18	162	Rönök	1131480
18	163	Rum	1131691
18	164	Sajtoskál	1131471
18	165	Salköveskút	1131658
18	166	Sárfimizdó	1131426
18	167	Sárvár	1131510
18	168	Sé	1131697
18	169	Simaság	1131354
18	170	Sitke	1131437
18	171	Sorkifalud	1131660
18	172	Sorkikápolna	1131681
18	173	Sorokpolány	1131689
18	174	Sótony	1131349
18	175	Söpte	1131687
18	176	Szaknyér	1131479
18	177	Szakonyfalu	1131386
18	178	Szalafő	1131378
18	179	Szarvaskend	1131361
18	180	Szatta	1607270
18	181	Szeleste	1131466
18	182	Szemenye	1131472
18	183	Szentgotthárd	1131453
18	184	Szentpéterfa	1131669
18	185	Szergény	1132227
18	186	Szombathely	1131673
18	187	Szőce	1131508
18	188	Tanakajd	1131684
18	189	Táplánszentkereszt	1131695
18	190	Telekes	1131476
18	191	Tokorcs	1132236
18	192	Tompaládony	1131493
18	193	Tormásliget	1131499
18	194	Torony	1131668
18	195	Tömörd	1131440
18	196	Uraiújfalu	1131401
18	197	Vasalja	1131465
18	198	Vasasszonyfa	1131690
18	199	Vasegerszeg	1131346
18	200	Vashosszúfalu	1131511
18	201	Vaskeresztes	1131679
18	202	Vassurány	1131688
18	203	Vasszentmihály	1131415
18	204	Vasszécseny	1131692
18	205	Vasszilvágy	1131665
18	206	Vasvár	1131419
18	207	Vámoscsalád	1131357
18	208	Vásárosmiske	1131350
18	209	Vát	1131662
18	210	Velem	1131567
18	211	Velemér	1131366
18	212	Vép	1131686
18	213	Viszák	1131430
18	214	Vönöck	1132224
18	215	Zsennye	1131680
18	216	Zsédeny	1131356
19	001	Adásztevel	1078626
19	002	Adorjánháza	1078447
19	003	Ajka	1078501
19	004	Alsóörs	1078460
19	005	Apácatorna	1078482
19	006	Aszófő	1078598
19	007	Ábrahámhegy	1078516
19	008	Badacsonytomaj	1078570
19	009	Badacsonytördemic	1078520
19	010	Bakonybél	1078629
19	011	Bakonyjákó	1078456
19	012	Bakonykoppány	1078514
19	013	Bakonynána	1078496
19	014	Bakonyoszlop	1078579
19	015	Bakonypölöske	1078502
19	016	Bakonyság	1078635
19	017	Bakonyszentiván	1078486
19	018	Bakonyszentkirály	1078630
19	019	Bakonyszücs	1078566
19	020	Bakonytamási	1078468
19	021	Balatonakali	1078552
19	022	Balatonalmádi	1078573
19	023	Balatoncsicsó	1078574
19	024	Balatonederics	1078472
19	025	Balatonfőkajár	1078543
19	026	Balatonfüred	1078616
19	027	Balatonfűzfő	1078463
19	028	Balatonhenye	1078488
19	029	Balatonkenese	1078608
19	030	Balatonrendes	1078513
19	031	Balatonszepezd	1078535
19	032	Balatonszőlős	1078596
19	033	Balatonudvari	1078623
19	035	Barnag	1078455
19	036	Bazsi	1078625
19	037	Bánd	1078565
19	038	Berhida	1078551
19	039	Béb	1078449
19	040	Békás	1078495
19	041	Bodorfa	1078585
19	042	Borszörcsök	1078435
19	043	Borzavár	1078569
19	044	Csabrendek	1078605
19	045	Csajág	1078628
19	046	Csehbánya	1078580
19	047	Csesznek	1078440
19	048	Csetény	1078461
19	049	Csopak	1078599
19	050	Csót	1078469
19	051	Csögle	1078441
19	052	Dabronc	1078536
19	053	Dabrony	1078639
19	054	Dáka	1078602
19	055	Devecser	1078595
19	056	Doba	1078452
19	057	Döbrönte	1078517
19	058	Dörgicse	1078638
19	059	Dudar	1078432
19	060	Egeralja	1078473
19	061	Egyházaskesző	1078499
19	062	Eplény	1078459
19	063	Farkasgyepű	1078430
19	064	Felsőörs	1078527
19	065	Ganna	1078577
19	066	Gecse	1078564
19	067	Gic	1078556
19	068	Gógánfa	1078491
19	069	Gyepükaján	1078610
19	070	Gyulakeszi	1078480
19	071	Hajmáskér	1078555
19	072	Halimba	1078489
19	073	Hárskút	1078583
19	074	Hegyesd	1078493
19	075	Hegymagas	1078505
19	076	Herend	1078591
19	077	Hetyefő	1078494
19	078	Hidegkút	1078589
19	079	Homokbödöge	1078650
19	080	Hosztót	1078621
19	081	Iszkáz	1078615
19	082	Jásd	1078575
19	083	Kamond	1078532
19	084	Kapolcs	1078562
19	085	Karakószörcsök	1078617
19	086	Káptalanfa	1078528
19	087	Káptalantóti	1078466
19	088	Kemeneshőgyész	1078538
19	089	Kemenesszentpéter	1078557
19	090	Kerta	1078512
19	091	Kékkút	1078537
19	092	Királyszentistván	1078483
19	093	Kisapáti	1078622
19	094	Kisberzseny	1078437
19	095	Kiscsősz	1078586
19	096	Kislőd	1078448
19	097	Kispirit	1078592
19	098	Kisszőlős	1078612
19	099	Kolontár	1078631
19	100	Köveskál	1078471
19	101	Kővágóörs	1078584
19	102	Kup	1078614
19	103	Külsővat	1078558
19	104	Küngös	1078433
19	105	Lesencefalu	1078454
19	106	Lesenceistvánd	1078644
19	107	Lesencetomaj	1078601
19	108	Litér	1078624
19	109	Lovas	1078436
19	110	Lovászpatona	1078484
19	111	Lókút	1078547
19	112	Magyargencs	1078607
19	113	Magyarpolány	1078428
19	114	Malomsok	1078475
19	115	Marcalgergelyi	1078560
19	116	Marcaltő	1078542
19	117	Márkó	1078444
19	118	Megyer	1078510
19	119	Mencshely	1078530
19	120	Mezőlak	1078503
19	121	Mihályháza	1078457
19	122	Mindszentkálla	1078613
19	123	Monostorapáti	1078481
19	124	Monoszló	1078597
19	125	Nagyacsád	1078593
19	126	Nagyalásony	1078508
19	127	Nagydém	1078568
19	128	Nagyesztergár	1078474
19	129	Nagygyimót	1078487
19	130	Nagypirit	1078451
19	131	Nagytevel	1078640
19	132	Nagyvázsony	1078619
19	133	Nemesgörzsöny	1078572
19	134	Nemesgulács	1078632
19	135	Nemeshany	1078633
19	136	Nemesszalók	1078529
19	137	Nemesvámos	1078645
19	138	Nemesvita	1078549
19	139	Németbánya	1078606
19	140	Noszlop	1078497
19	141	Nóráp	1078518
19	142	Nyárád	1571938
19	143	Nyirád	1078470
19	144	Olaszfalu	1078546
19	145	Oroszi	1078540
19	146	Óbudavár	1078648
19	147	Öcs	1078509
19	148	Örvényes	1078429
19	149	Öskü	1078464
19	150	Ősi	1078519
19	151	Paloznak	1078590
19	152	Papkeszi	1078462
19	153	Pápa	1078479
19	154	Pápadereske	1078524
19	155	Pápakovácsi	1078620
19	156	Pápasalamon	1078636
19	157	Pápateszér	1078526
19	158	Pécsely	1078498
19	159	Pénzesgyőr	1078637
19	160	Pétfürdő	1078561
19	161	Porva	1078603
19	162	Pula	1078534
19	163	Pusztamiske	1078446
19	164	Raposka	1078642
19	165	Révfülöp	1078634
19	166	Rigács	1078500
19	167	Salföld	1078439
19	168	Sáska	1078559
19	169	Somlójenő	1078523
19	170	Somlószőlős	1078578
19	171	Somlóvásárhely	1078550
19	172	Somlóvecse	1078646
19	173	Sóly	1078649
19	174	Sümeg	1078465
19	175	Sümegprága	1078492
19	176	Szápár	1078541
19	177	Szentantalfa	1078476
19	178	Szentbékkálla	1078618
19	179	Szentgál	1078431
19	180	Szentimrefalva	1078545
19	181	Szentjakabfa	1078544
19	182	Szentkirályszabadja	1078600
19	183	Szigliget	1078643
19	184	Szőc	1078504
19	185	Tagyon	1078627
19	186	Takácsi	1078467
19	187	Taliándörögd	1078525
19	188	Tapolca	1078647
19	189	Tés	1078533
19	190	Tihany	1078511
19	191	Tótvázsony	1078531
19	192	Tüskevár	1078553
19	193	Ugod	1078458
19	194	Ukk	1078582
19	195	Uzsa	1078477
19	196	Úrkút	1078587
19	197	Vanyola	1078506
19	198	Vaszar	1078438
19	199	Várkesző	1078594
19	200	Városlőd	1078515
19	201	Várpalota	1078609
19	202	Vászoly	1078507
19	203	Veszprém	1078442
19	204	Veszprémfajsz	1078434
19	205	Veszprémgalsa	1078443
19	206	Vid	1078450
19	207	Vigántpetend	1078554
19	208	Vilonya	1078641
19	209	Vinár	1078588
19	210	Vöröstó	1078522
19	211	Zalaerdőd	1078651
19	212	Zalagyömörő	1078548
19	213	Zalahaláp	1078521
19	214	Zalameggyes	1078539
19	215	Zalaszegvár	1078604
19	216	Zánka	1078485
19	217	Zirc	1078490
19	218	Balatonakarattya	3854416
20	001	Alibánfa	1357192
20	002	Almásháza	1359703
20	003	Alsónemesapáti	1359601
20	004	Alsópáhok	1358253
20	005	Alsórajk	1358085
20	006	Alsószenterzsébet	1311790
20	007	Babosdöbréte	1358050
20	008	Baglad	1311785
20	009	Bagod	1357109
20	010	Bak	1607254
20	011	Baktüttös	1356969
20	012	Balatongyörök	1360488
20	013	Balatonmagyaród	1599350
20	014	Barlahida	1356903
20	015	Batyk	1359792
20	016	Bánokszentgyörgy	1320824
20	017	Bázakerettye	1320821
20	018	Becsehely	1320772
20	019	Becsvölgye	1356912
20	020	Belezna	1607227
20	021	Belsősárd	1360836
20	022	Bezeréd	1359712
20	023	Bocfölde	1358051
20	024	Bocska	1358076
20	025	Boncodfölde	1357103
20	026	Borsfa	1320822
20	027	Bókaháza	1359594
20	028	Böde	1315858
20	029	Bödeháza	1311722
20	030	Börzönce	1320816
20	031	Búcsúszentlászló	1358053
20	032	Bucsuta	1320811
20	033	Csapi	1360006
20	034	Csatár	1358054
20	035	Cserszegtomaj	1360481
20	036	Csertalakos	1356970
20	037	Csesztreg	1415302
20	038	Csonkahegyhát	1315854
20	039	Csöde	1283487
20	040	Csömödér	1314044
20	041	Csörnyeföld	1359839
20	042	Dióskál	1358260
20	043	Dobri	1359843
20	044	Dobronhegy	1357856
20	045	Döbröce	1359793
20	046	Dötk	1359704
20	047	Egeraracsa	1358259
20	048	Egervár	1357191
20	049	Eszteregnye	1607243
20	050	Esztergályhorváti	1358257
20	051	Felsőpáhok	1359602
20	052	Felsőrajk	1358261
20	053	Felsőszenterzsébet	1311783
20	054	Fityeház	1320770
20	055	Fűzvölgy	1320818
20	056	Galambok	1360005
20	057	Garabonc	1599348
20	058	Gáborjánháza	1311724
20	059	Gellénháza	1356901
20	060	Gelse	1358082
20	061	Gelsesziget	1358074
20	062	Gétye	1358262
20	063	Gombosszeg	1356904
20	064	Gosztola	1311799
20	065	Gősfa	1357200
20	066	Gutorfölde	1356975
20	067	Gyenesdiás	1360485
20	068	Gyűrűs	1359850
20	069	Hagyárosbörönd	1357104
20	070	Hahót	1358264
20	071	Hernyék	1360837
20	072	Hévíz	1360478
20	073	Homokkomárom	1320815
20	074	Hosszúvölgy	1320809
20	075	Hottó	1357855
20	076	Iborfia	1356907
20	077	Iklódbördőce	1314050
20	078	Kacorlak	1320798
20	079	Kallósd	1359713
20	080	Karmacs	1360487
20	081	Kálócfa	1315856
20	082	Kányavár	1320817
20	083	Kávás	1607269
20	084	Kehidakustány	1359715
20	085	Kemendollár	1359701
20	086	Keménfa	1283488
20	087	Kerecseny	1358083
20	088	Kerkabarabás	1356878
20	089	Kerkafalva	1311786
20	090	Kerkakutas	1283486
20	091	Kerkaszentkirály	1359842
20	092	Kerkateskánd	1314047
20	093	Keszthely	1360484
20	094	Kilimán	1358089
20	095	Kisbucsa	1358055
20	096	Kiscsehi	1359845
20	097	Kisgörbő	1606365
20	098	Kiskutas	1357108
20	099	Kispáli	1357194
20	100	Kisrécse	1358071
20	101	Kissziget	1314048
20	102	Kistolmács	1320820
20	103	Kisvásárhely	1359794
20	104	Kozmadombja	1315855
20	105	Kustánszeg	1315853
20	106	Külsősárd	1120925
20	107	Lakhegy	1357197
20	108	Lasztonya	1314049
20	109	Lendvadedes	1311798
20	110	Lendvajakabfa	1608470
20	111	Lenti	1311800
20	112	Letenye	1320804
20	113	Lickóvadamos	1356906
20	114	Ligetfalva	1359597
20	115	Lispeszentadorján	1320823
20	116	Liszó	1320802
20	117	Lovászi	1359847
20	118	Magyarföld	1311782
20	119	Magyarszentmiklós	1320806
20	120	Magyarszerdahely	1358073
20	121	Maróc	1320805
20	122	Márokföld	1311789
20	123	Miháld	1359973
20	124	Mihályfa	1359787
20	125	Mikekarácsonyfa	1356967
20	126	Milejszeg	1607268
20	127	Misefa	1359605
20	128	Molnári	1320765
20	129	Murakeresztúr	1320769
20	130	Murarátka	1320812
20	131	Muraszemenye	1359840
20	132	Nagybakónak	1358077
20	133	Nagygörbő	1359785
20	134	Nagykanizsa	1320813
20	135	Nagykapornak	1359606
20	136	Nagykutas	1357190
20	137	Nagylengyel	1356911
20	138	Nagypáli	1357199
20	139	Nagyrada	1599349
20	140	Nagyrécse	1360007
20	141	Nemesapáti	1359708
20	142	Nemesbük	1359604
20	143	Nemeshetés	1358052
20	144	Nemesnép	1311784
20	145	Nemespátró	1607226
20	146	Nemesrádó	1358254
20	147	Nemessándorháza	1359607
20	148	Nemesszentandrás	1358056
20	149	Németfalu	1315862
20	150	Nova	1356902
20	151	Oltárc	1320810
20	152	Orbányosfa	1359707
20	153	Ormándlak	1356908
20	154	Orosztony	1358086
20	155	Ortaháza	1314043
20	156	Ozmánbük	1357102
20	157	Óhíd	1359790
20	158	Pacsa	1358255
20	159	Padár	1359714
20	160	Pakod	1359705
20	161	Pat	1360010
20	162	Páka	1320797
20	163	Pálfiszeg	1356905
20	164	Pethőhenye	1357198
20	165	Petrikeresztúr	1356910
20	166	Petrivente	1320773
20	167	Pókaszepetk	1359710
20	168	Pórszombat	1315859
20	169	Pölöske	1358263
20	170	Pölöskefő	1358088
20	171	Pördefölde	1314045
20	172	Pötréte	1358267
20	173	Pusztaapáti	1315860
20	174	Pusztaederics	1356972
20	175	Pusztamagyaród	1320801
20	176	Pusztaszentlászló	1356968
20	177	Ramocsa	1311787
20	178	Resznek	1311781
20	179	Rezi	1360477
20	180	Rédics	1311801
20	181	Rigyác	1320774
20	182	Salomvár	1315857
20	183	Sand	1360009
20	184	Sárhida	1358049
20	185	Sármellék	1360531
20	186	Semjénháza	1320766
20	187	Sénye	1359706
20	188	Sormás	1320799
20	189	Söjtör	1356973
20	190	Surd	1607225
20	191	Sümegcsehi	1359791
20	192	Szalapa	1359788
20	193	Szentgyörgyvár	1359595
20	194	Szentgyörgyvölgy	1311788
20	195	Szentkozmadombja	1356966
20	196	Szentliszló	1320814
20	197	Szentmargitfalva	1320819
20	198	Szentpéterfölde	1320808
20	199	Szentpéterúr	1358252
20	200	Szepetnek	1320771
20	201	Szécsisziget	1359846
20	202	Szijártóháza	1311723
20	203	Szilvágy	1315861
20	204	Teskánd	1357854
20	205	Tilaj	1359603
20	206	Tormafölde	1359841
20	207	Tornyiszentmiklós	1359844
20	208	Tófej	1356971
20	209	Tótszentmárton	1320768
20	210	Tótszerdahely	1320767
20	211	Türje	1359789
20	212	Újudvar	1358075
20	213	Valkonya	1320825
20	214	Vasboldogasszony	1357196
20	215	Vaspör	1357101
20	216	Vállus	1360489
20	217	Várfölde	1314046
20	218	Várvölgy	1360480
20	219	Vindornyafok	1360483
20	220	Vindornyalak	1360479
20	221	Vindornyaszőlős	1360490
20	222	Vonyarcvashegy	1360486
20	223	Vöckönd	1359849
20	224	Zajk	1320803
20	225	Zalaapáti	1360532
20	226	Zalabaksa	1356877
20	227	Zalabér	1359795
20	228	Zalaboldogfa	1357106
20	229	Zalacsány	1359596
20	230	Zalacséb	1357100
20	231	Zalaegerszeg	1357195
20	232	Zalaháshágy	1357107
20	233	Zalaigrice	1358258
20	234	Zalaistvánd	1359702
20	235	Zalakaros	1599287
20	236	Zalakomár	1600739
20	237	Zalaköveskút	1360482
20	238	Zalalövő	1283485
20	239	Zalamerenye	1358087
20	240	Zalasárszeg	1359974
20	241	Zalaszabar	1358084
20	242	Zalaszántó	1417125
20	243	Zalaszentbalázs	1320807
20	244	Zalaszentgrót	1359709
20	245	Zalaszentgyörgy	1357105
20	246	Zalaszentiván	1357201
20	247	Zalaszentjakab	1360008
20	248	Zalaszentlászló	1359711
20	249	Zalaszentlőrinc	1357193
20	250	Zalaszentmárton	1358265
20	251	Zalaszentmihály	1358266
20	252	Zalaszombatfa	1312666
20	253	Zalatárnok	1356909
20	254	Zalaújlak	1358072
20	255	Zalavár	1360530
20	256	Zalavég	1359786
20	257	Zebecke	1356974
20	258	Tekenye	2132269
